20260204-073349, ddpg_0, 0, 9, 128, 1000000, 44, 2, 512, 0.99, 0.003, 0.003, 0.1, explore_nav, False, False, 3, 4
20260204-073940, ddpg_1, 0, 9, 128, 1000000, 44, 2, 512, 0.99, 0.003, 0.003, 0.1, explore_nav, False, False, 3, 4
20260204-074743, ddpg_2, 0, 9, 128, 1000000, 44, 2, 512, 0.99, 0.003, 0.003, 0.1, explore_nav, False, False, 3, 4
20260204-080348, ddpg_3, 0, 9, 128, 1000000, 44, 2, 512, 0.99, 0.003, 0.003, 0.1, explore_nav, False, False, 3, 4
20260204-080809, ddpg_4, 0, 9, 128, 1000000, 44, 2, 512, 0.99, 0.003, 0.003, 0.1, explore_nav, False, False, 3, 4
20260204-081733, ddpg_5, 0, 9, 128, 1000000, 44, 2, 512, 0.99, 0.003, 0.003, 0.1, explore_nav, False, False, 3, 4
20260204-082921, ddpg_6, 0, 9, 128, 1000000, 44, 2, 512, 0.99, 0.003, 0.003, 0.1, explore_nav, False, False, 3, 4
20260204-091919, ddpg_7, 0, 9, 128, 1000000, 44, 2, 512, 0.99, 0.003, 0.003, 0.1, explore_nav, False, False, 3, 4
20260204-092821, ddpg_8, 0, 9, 128, 1000000, 44, 2, 512, 0.99, 0.003, 0.003, 0.1, explore_nav, False, False, 3, 4
20260204-100409, ddpg_9, 0, 9, 128, 1000000, 44, 2, 512, 0.99, 0.003, 0.003, 0.1, explore_nav, False, False, 3, 4
20260204-101519, ddpg_10, 0, 9, 128, 1000000, 44, 2, 512, 0.99, 0.003, 0.003, 0.1, explore_nav, False, False, 3, 4
20260204-102849, ddpg_11, 0, 9, 128, 1000000, 42, 2, 512, 0.99, 0.003, 0.003, 0.1, explore_nav, False, False, 3, 4
20260204-105110, ddpg_12, 0, 9, 128, 1000000, 42, 2, 512, 0.99, 0.003, 0.003, 0.1, explore_nav, False, False, 3, 4
20260204-105728, ddpg_13, 0, 9, 128, 1000000, 42, 2, 512, 0.99, 0.003, 0.003, 0.1, explore_nav, False, False, 3, 4
20260204-111207, ddpg_14, 0, 9, 128, 1000000, 42, 2, 512, 0.99, 0.003, 0.003, 0.1, explore_nav, False, False, 3, 4
20260204-111841, ddpg_15, 0, 9, 128, 1000000, 42, 2, 512, 0.99, 0.003, 0.003, 0.1, explore_nav, False, False, 3, 4
20260204-113747, ddpg_16, 0, 9, 128, 1000000, 42, 2, 512, 0.99, 0.003, 0.003, 0.1, exploration, False, False, 3, 4
20260204-115002, ddpg_17, 0, 9, 128, 1000000, 42, 2, 512, 0.99, 0.003, 0.003, 0.1, exploration, False, False, 3, 4
20260204-124048, ddpg_18, 9, 128, 1000000, 42, 2, 512, 0.99, 0.003, 0.003, 0.1, exploration, False, False, 3, 4, results, 1, 0: 0%, 0: -inf
