episode, reward, success, duration, steps, total_steps, memory length, avg_critic_loss, avg_actor_loss
1, 107.10962717235088, 2, 22.655636972999673, 175, 15116, 15116, 0.4422995448112488, -12.990065574645996
2, 248.45691484212875, 4, 50.21043301099962, 390, 15506, 15506, 0.44921278953552246, -13.123138427734375
3, 247.23099102079868, 4, 49.6068875560004, 385, 15891, 15891, 0.46371811628341675, -13.345979690551758
4, 246.0000177770853, 4, 49.57417860700025, 385, 16276, 16276, 0.43768465518951416, -13.502531051635742
5, 242.2088270932436, 4, 49.628264969000156, 383, 16659, 16659, 0.45765331387519836, -13.539790153503418
6, 243.67981618642807, 4, 49.58076025900027, 383, 17042, 17042, 0.44758307933807373, -13.81368350982666
7, 246.28963914513588, 4, 49.58617915400009, 384, 17426, 17426, 0.4549192190170288, -13.918998718261719
8, 246.88422349095345, 4, 49.606866869999976, 386, 17812, 17812, 0.449884295463562, -14.12196159362793
9, 246.9035410284996, 4, 49.508020584000406, 385, 18197, 18197, 0.44525134563446045, -14.443534851074219
10, 243.19292452931404, 4, 49.59172814500016, 386, 18583, 18583, 0.4308711886405945, -14.630006790161133
11, 245.20006105303764, 4, 49.618415179000294, 386, 18969, 18969, 0.44812342524528503, -14.85991382598877
12, 8.185906067490578, 2, 4.336119869999493, 30, 18999, 18999, 0.4207043945789337, -15.071337699890137
13, 5.353816822171211, 2, 4.313346099999762, 30, 19029, 19029, 0.44436994194984436, -14.897295951843262
14, 244.50613683462143, 4, 49.961008696000135, 388, 19417, 19417, 0.4421158730983734, -15.003146171569824
15, 249.3948877453804, 4, 49.618181251999886, 385, 19802, 19802, 0.45084792375564575, -15.191174507141113
16, 248.51621887087822, 4, 49.5322543530001, 384, 20186, 20186, 0.46061110496520996, -15.326308250427246
17, 246.24383102357388, 4, 49.54204218400082, 385, 20571, 20571, 0.45642608404159546, -15.548208236694336
18, 8.626686662435532, 2, 4.3176500729996405, 30, 20601, 20601, 0.46486303210258484, -15.718835830688477
19, 1.5101124104112387, 2, 4.350289237000652, 30, 20631, 20631, 0.4925696551799774, -15.835506439208984
20, 239.457461245358, 4, 50.022403783999835, 389, 21020, 21020, 0.45315250754356384, -15.825891494750977
21, 242.65852454304695, 4, 49.48075022499961, 385, 21405, 21405, 0.46637704968452454, -16.1048583984375
22, 7.542126968502998, 2, 4.35664984900086, 30, 21435, 21435, 0.46618449687957764, -16.196386337280273
23, 2.6403559520840645, 2, 4.352018880999822, 30, 21465, 21465, 0.4833329916000366, -16.12257194519043
24, 242.65014862269163, 4, 49.94270726400009, 388, 21853, 21853, 0.4536660313606262, -16.176361083984375
25, 245.93069318681955, 4, 49.64523421600006, 385, 22238, 22238, 0.45518791675567627, -16.37055778503418
26, 242.3406265079975, 4, 49.50038677499924, 384, 22622, 22622, 0.476163387298584, -16.552597045898438
27, 6.0998519361019135, 2, 4.3192499099995985, 30, 22652, 22652, 0.5343877077102661, -16.65445327758789
28, 245.34068690240383, 4, 49.88130051799999, 387, 23039, 23039, 0.44681301712989807, -16.822811126708984
29, 5.3402940928936005, 2, 4.327308509999966, 30, 23069, 23069, 0.48308712244033813, -16.977027893066406
30, 2.366849794983864, 2, 4.354764144999535, 30, 23099, 23099, 0.4741123616695404, -16.91706657409668
31, 244.87551125138998, 4, 49.859582653999496, 387, 23486, 23486, 0.4592996835708618, -17.058374404907227
32, 248.25793355703354, 4, 49.56708952400004, 385, 23871, 23871, 0.44511184096336365, -17.30069923400879
33, 8.062938943505287, 2, 4.322252418000062, 30, 23901, 23901, 0.42942702770233154, -17.320186614990234
34, 247.26702488213778, 4, 49.87458966899976, 387, 24288, 24288, 0.43541422486305237, -17.594213485717773
35, 8.301376149058342, 2, 4.352901403999567, 30, 24318, 24318, 0.47524842619895935, -17.655590057373047
36, 243.43884247541428, 4, 49.753847833999316, 386, 24704, 24704, 0.4413403570652008, -17.78738784790039
37, 246.25539004802704, 4, 49.55537506499968, 384, 25088, 25088, 0.4229651987552643, -18.01786994934082
38, 246.4795326590538, 4, 49.538939460999245, 384, 25472, 25472, 0.39967480301856995, -18.229183197021484
39, 244.3274196088314, 4, 49.57645937199959, 384, 25856, 25856, 0.40911126136779785, -18.44086265563965
40, 243.90213346481323, 4, 49.67105795600037, 385, 26241, 26241, 0.416324645280838, -18.63116455078125
41, 242.87437926232815, 4, 49.533848376000606, 384, 26625, 26625, 0.3882025480270386, -18.8642520904541
42, 244.52617348730564, 4, 49.539505103999545, 384, 27009, 27009, 0.38752642273902893, -19.0350284576416
43, 5.918814599514008, 2, 4.334169247000318, 30, 27039, 27039, 0.4351520836353302, -19.157875061035156
44, 2.1796557903289795, 2, 4.341152801000135, 30, 27069, 27069, 0.3187415301799774, -19.284128189086914
45, 0.7668961714953184, 2, 4.339303931999893, 30, 27099, 27099, 0.3841800391674042, -19.198884963989258
46, 0.5589985642582178, 2, 4.357733188000566, 30, 27129, 27129, 0.3501485586166382, -19.121782302856445
47, 3.694560833275318, 2, 4.351408567999897, 30, 27159, 27159, 0.36931338906288147, -19.261962890625
48, 4.660096526145935, 2, 4.321988968000369, 30, 27189, 27189, 0.3703807294368744, -19.1870174407959
49, 239.86862871050835, 4, 49.68542697199973, 385, 27574, 27574, 0.36726081371307373, -19.30840492248535
50, 244.421451613307, 4, 49.57841553700018, 384, 27958, 27958, 0.3802991807460785, -19.453224182128906
51, 6.027298867702484, 2, 4.339103576000525, 30, 27988, 27988, 0.3508901000022888, -19.593833923339844
52, 245.85129596292973, 4, 49.84620646499934, 387, 28375, 28375, 0.38258931040763855, -19.661344528198242
53, 7.8299723491072655, 2, 4.348199134999959, 30, 28405, 28405, 0.3753296434879303, -19.738908767700195
54, 240.81897028535604, 4, 49.655751588000385, 385, 28790, 28790, 0.3676312267780304, -19.88373374938965
55, 7.008543848991394, 2, 4.375012990999494, 30, 28820, 28820, 0.3496401011943817, -20.041027069091797
56, 3.2115557342767715, 2, 4.32554656100001, 30, 28850, 28850, 0.4107699394226074, -20.122455596923828
57, 4.006561607122421, 2, 4.397935007000342, 30, 28880, 28880, 0.3888150155544281, -19.814868927001953
58, 244.08973716199398, 4, 50.04026205599985, 387, 29267, 29267, 0.37892577052116394, -19.98123550415039
59, 240.42509397864342, 4, 49.63615837500038, 384, 29651, 29651, 0.3491637408733368, -20.181352615356445
60, 247.1624123454094, 4, 49.60449570600031, 385, 30036, 30036, 0.3590746521949768, -20.432968139648438
61, 247.4493157118559, 4, 49.49894111100002, 383, 30419, 30419, 0.3461020588874817, -20.569692611694336
62, 244.37962920963764, 4, 49.64786147900031, 384, 30803, 30803, 0.3629741370677948, -20.738866806030273
63, 246.5762423723936, 4, 49.57870219799952, 384, 31187, 31187, 0.3689522445201874, -20.92473602294922
64, 254.5840496122837, 4, 49.55089046299963, 384, 31571, 31571, 0.32596173882484436, -21.152185440063477
65, 8.518536016345024, 2, 4.348001022999597, 30, 31601, 31601, 0.42371800541877747, -21.22269058227539
66, 241.32934741675854, 4, 49.82381370999974, 385, 31986, 31986, 0.37834596633911133, -21.28852653503418
67, 7.431409597396851, 2, 4.360814820999622, 30, 32016, 32016, 0.3634791374206543, -21.450111389160156
68, 4.384351491928101, 2, 4.338248996999937, 30, 32046, 32046, 0.3282332420349121, -21.417573928833008
69, 1.6492535211145878, 2, 4.3423527029999605, 30, 32076, 32076, 0.3249569237232208, -21.550874710083008
70, -0.33102752175182104, 2, 4.352611223999702, 30, 32106, 32106, 0.38213232159614563, -21.469655990600586
71, 246.62256688065827, 4, 50.2961196389997, 390, 32496, 32496, 0.3495120704174042, -21.55211067199707
72, 242.2894488722086, 4, 49.60302613000022, 385, 32881, 32881, 0.3432133197784424, -21.72475814819336
73, 245.07252453267574, 4, 49.58145612700082, 384, 33265, 33265, 0.3418002128601074, -21.885541915893555
74, 7.436366213485599, 2, 4.333051013998556, 30, 33295, 33295, 0.29217085242271423, -21.954431533813477
75, 240.82223761826754, 4, 49.659894328999144, 384, 33679, 33679, 0.3442176878452301, -22.077909469604492
76, 242.16194321215153, 4, 49.63772412099934, 384, 34063, 34063, 0.3451157808303833, -22.25200843811035
77, 240.38536152243614, 4, 49.565363474999685, 384, 34447, 34447, 0.3460058867931366, -22.410232543945312
78, 6.908900007605553, 2, 4.387331355001152, 30, 34477, 34477, 0.3902982473373413, -22.353158950805664
79, 3.898837462067604, 2, 4.33510613100043, 30, 34507, 34507, 0.3250522315502167, -22.523563385009766
80, 243.45433767139912, 4, 49.91618896399996, 386, 34893, 34893, 0.3636784553527832, -22.63357925415039
81, 5.140390977263451, 2, 4.349362472999928, 30, 34923, 34923, 0.3243434727191925, -22.562952041625977
82, 1.6015698872506618, 2, 4.35239490999993, 30, 34953, 34953, 0.2967471778392792, -22.787639617919922
83, 2.8058839794248343, 2, 4.343061153000235, 30, 34983, 34983, 0.34688395261764526, -22.694520950317383
84, 4.111065655946732, 2, 4.360520510999777, 30, 35013, 35013, 0.3147100508213043, -22.6757869720459
85, 1.643735058605671, 2, 4.3609520830013935, 30, 35043, 35043, 0.3116413354873657, -22.551794052124023
86, 241.13698962330818, 4, 49.509518005001155, 383, 35426, 35426, 0.34318166971206665, -22.765005111694336
87, 246.03864292800426, 4, 49.514483821001704, 383, 35809, 35809, 0.3492591679096222, -23.036165237426758
88, 246.60295608639717, 4, 49.574350581000544, 384, 36193, 36193, 0.36493369936943054, -23.188255310058594
89, 8.35995103418827, 2, 4.361306401000547, 30, 36223, 36223, 0.39834925532341003, -23.22608757019043
90, 242.05841402709484, 4, 49.734172374999616, 385, 36608, 36608, 0.3387906551361084, -23.45777130126953
91, 72.24316944181919, 4, 49.66954794799858, 385, 36993, 36993, 0.3912385106086731, -23.700042724609375
92, 67.87455143034458, 4, 49.57444618900081, 384, 37377, 37377, 0.6476686000823975, -23.798797607421875
93, 66.68013305962086, 4, 49.60708797600091, 383, 37760, 37760, 0.6935612559318542, -23.874553680419922
94, 65.6791740655899, 4, 49.489247528001215, 383, 38143, 38143, 0.7187559604644775, -23.78307342529297
95, 68.08690458536148, 4, 49.64073183599976, 384, 38527, 38527, 0.7276373505592346, -23.59474754333496
96, 68.35362043976784, 4, 49.61620150999988, 383, 38910, 38910, 0.7703032493591309, -23.467866897583008
97, 67.79030767083168, 4, 49.55513038999925, 383, 39293, 39293, 0.794568657875061, -23.326913833618164
98, 66.07112157344818, 4, 49.69246373800161, 384, 39677, 39677, 0.8495709300041199, -23.15012550354004
99, 66.08067871630192, 4, 49.557441973000095, 383, 40060, 40060, 0.850130021572113, -22.964298248291016
100, 66.91904871165752, 4, 49.630478146000314, 384, 40444, 40444, 0.8634175658226013, -22.679292678833008
101, 66.37747265398502, 4, 49.54490798700135, 383, 40827, 40827, 0.9172857403755188, -22.42493438720703
102, 68.53179463744164, 4, 49.63629268399927, 384, 41211, 41211, 0.941748857498169, -22.273712158203125
103, 66.43893340229988, 4, 49.553041285998916, 383, 41594, 41594, 0.9669144749641418, -22.04361915588379
104, 65.77382515370846, 4, 49.63551327599998, 384, 41978, 41978, 1.0281939506530762, -21.87538719177246
105, 67.28904324769974, 4, 49.542283876999136, 382, 42360, 42360, 1.075674295425415, -21.757722854614258
106, 68.09176002442837, 4, 49.65847766600018, 384, 42744, 42744, 1.0895596742630005, -21.58738136291504
107, 67.35479171574116, 4, 49.5826479389998, 383, 43127, 43127, 1.1015114784240723, -21.618942260742188
108, 68.26095876097679, 4, 49.522909670000445, 382, 43509, 43509, 1.1392016410827637, -21.10568618774414
109, 67.54363997280598, 4, 49.5901847540008, 381, 43890, 43890, 1.2047821283340454, -20.97053337097168
110, 67.28457386791706, 4, 49.66565887099932, 383, 44273, 44273, 1.2783468961715698, -20.83856964111328
111, 67.11080601811409, 4, 49.53757326400046, 382, 44655, 44655, 1.2243082523345947, -20.631336212158203
112, 67.01385483145714, 4, 49.56558545799999, 382, 45037, 45037, 1.2843815088272095, -20.62596893310547
113, 66.80924272537231, 4, 49.682055597000726, 384, 45421, 45421, 1.346648097038269, -20.57952117919922
114, 65.84432263672352, 4, 49.5444284740006, 383, 45804, 45804, 1.3603260517120361, -20.446491241455078
115, 66.83374458551407, 4, 49.537615889001245, 383, 46187, 46187, 1.3586559295654297, -20.271310806274414
116, 67.75250990688801, 4, 49.64996582599997, 383, 46570, 46570, 1.4114910364151, -20.032766342163086
117, 66.76873168349266, 4, 49.55347416999939, 382, 46952, 46952, 1.4569801092147827, -19.995100021362305
118, 66.80875740945339, 4, 49.586624186000336, 382, 47334, 47334, 1.4994590282440186, -19.659711837768555
119, 67.30372236669064, 4, 49.62588049099941, 382, 47716, 47716, 1.4995622634887695, -19.53908920288086
120, 67.19492202997208, 4, 49.639877100000376, 383, 48099, 48099, 1.5169676542282104, -19.476491928100586
121, 67.35548837482929, 4, 49.52928199900089, 383, 48482, 48482, 1.5178574323654175, -19.442121505737305
122, 67.73758743703365, 4, 49.66647033299887, 384, 48866, 48866, 1.5355790853500366, -19.34916877746582
123, 67.46654751896858, 4, 49.598925997999686, 383, 49249, 49249, 1.5662651062011719, -19.100011825561523
124, 67.2886658012867, 4, 49.5364120059985, 382, 49631, 49631, 1.5576242208480835, -18.99425506591797
125, 67.87745034694672, 4, 49.63230161499996, 383, 50014, 50014, 1.5879292488098145, -18.982921600341797
126, 67.55876211822033, 4, 49.618605654999556, 383, 50397, 50397, 1.5750741958618164, -18.77017593383789
127, 67.52305945754051, 4, 49.600233877999926, 383, 50780, 50780, 1.6166788339614868, -18.80537986755371
128, 67.69333800673485, 4, 49.512505865001, 381, 51161, 51161, 1.5501866340637207, -18.83002281188965
129, 66.73009289801121, 4, 49.61147389300095, 383, 51544, 51544, 1.4950952529907227, -18.830781936645508
130, 68.29881109297276, 4, 49.65163621600004, 384, 51928, 51928, 1.4994826316833496, -18.706439971923828
131, 66.63625110685825, 4, 49.54538791199957, 382, 52310, 52310, 1.5014150142669678, -18.687231063842773
132, 67.02167636156082, 4, 49.56301303799955, 382, 52692, 52692, 1.462228536605835, -18.738584518432617
133, 65.17421115934849, 4, 49.60840115500105, 383, 53075, 53075, 1.4324321746826172, -18.824127197265625
134, 67.98018369078636, 4, 49.5728925350013, 382, 53457, 53457, 1.3919597864151, -18.7397403717041
135, 67.87823483347893, 4, 49.70358140499957, 382, 53839, 53839, 1.3747130632400513, -18.762866973876953
136, 67.70079717040062, 4, 49.479869689001134, 381, 54220, 54220, 1.3540524244308472, -18.796079635620117
137, 66.49667137861252, 4, 49.70771176099879, 383, 54603, 54603, 1.3458224534988403, -18.64571189880371
138, 67.4728544652462, 4, 49.53382558799967, 380, 54983, 54983, 1.29902982711792, -18.71921157836914
139, 67.8192582577467, 4, 49.606976386001406, 382, 55365, 55365, 1.2559341192245483, -18.83962059020996
140, 67.03367049992085, 4, 49.602591183000186, 381, 55746, 55746, 1.1943185329437256, -18.983278274536133
141, 67.83089302480221, 4, 49.604061934998754, 383, 56129, 56129, 1.1591602563858032, -18.90203094482422
142, 68.38722608983517, 4, 49.57209795200106, 382, 56511, 56511, 1.1507552862167358, -18.971433639526367
143, 66.85464932024479, 4, 49.602657565999834, 382, 56893, 56893, 1.0683133602142334, -18.953603744506836
144, 67.76634545624256, 4, 49.62699111800066, 382, 57275, 57275, 1.0526363849639893, -18.851863861083984
145, 67.44487556815147, 4, 49.644739729999856, 383, 57658, 57658, 1.0315971374511719, -18.834257125854492
146, 65.7016981691122, 4, 49.549041328000385, 381, 58039, 58039, 0.9836974740028381, -18.79662322998047
147, 66.23658661544323, 4, 49.64761796399944, 381, 58420, 58420, 0.9044785499572754, -18.822141647338867
148, 67.40764144062996, 4, 49.620060109000406, 382, 58802, 58802, 0.9261507987976074, -18.639236450195312
149, 66.60076875984669, 4, 49.62668230700001, 381, 59183, 59183, 0.8792299032211304, -18.69038963317871
150, 68.68291774392128, 4, 49.59409258699998, 381, 59564, 59564, 0.8556210398674011, -18.73224639892578
151, 66.56420457363129, 4, 49.616749057999186, 382, 59946, 59946, 0.8366473317146301, -18.575557708740234
152, 67.5258300602436, 4, 49.53755394700056, 382, 60328, 60328, 0.7988731265068054, -18.407123565673828
153, 67.25680093467236, 4, 49.619195392999245, 382, 60710, 60710, 0.7734398245811462, -18.381614685058594
154, 66.77468082308769, 4, 49.67195107099906, 382, 61092, 61092, 0.7404163479804993, -18.34878921508789
155, 68.44788001477718, 4, 49.52457845999925, 380, 61472, 61472, 0.7484142184257507, -18.32636833190918
156, 66.12088398635387, 4, 49.59512436799923, 381, 61853, 61853, 0.7306090593338013, -18.252931594848633
157, 67.04918144643307, 4, 49.64834085400071, 382, 62235, 62235, 0.7063843607902527, -18.14988136291504
158, 64.90793603658676, 4, 49.533321598999464, 381, 62616, 62616, 0.6977624893188477, -18.024072647094727
159, 67.24523037672043, 4, 49.68556089200138, 382, 62998, 62998, 0.6916443109512329, -17.934133529663086
160, 67.43283423781395, 4, 49.55293208399962, 381, 63379, 63379, 0.6746176481246948, -17.962425231933594
161, 67.01529240608215, 4, 49.593959701998756, 381, 63760, 63760, 0.6737005114555359, -17.80023765563965
162, 67.24197141826153, 4, 49.64789865899911, 381, 64141, 64141, 0.6632461547851562, -17.834980010986328
163, 67.54047049582005, 4, 49.61550556799921, 381, 64522, 64522, 0.6603444814682007, -17.722896575927734
164, 66.158981397748, 4, 49.56948916299916, 380, 64902, 64902, 0.6652502417564392, -17.563812255859375
165, 64.7059191018343, 4, 49.58279037399916, 380, 65282, 65282, 0.6780416369438171, -17.504928588867188
166, 65.82364101707935, 4, 49.60465543899954, 381, 65663, 65663, 0.6697497963905334, -17.564743041992188
167, 65.69758024811745, 4, 49.58300566300022, 381, 66044, 66044, 0.6540349721908569, -17.38378143310547
168, 66.8139686435461, 4, 49.70412528599991, 382, 66426, 66426, 0.647809624671936, -17.3380126953125
169, 67.31630693376064, 4, 49.558050498999364, 381, 66807, 66807, 0.6596397757530212, -17.35764503479004
170, 66.01756617426872, 4, 49.55300059900037, 380, 67187, 67187, 0.6382448673248291, -17.181730270385742
171, 67.91715429723263, 4, 49.69758309600002, 382, 67569, 67569, 0.6812324523925781, -17.321491241455078
172, 66.1055156737566, 4, 49.576836799000375, 380, 67949, 67949, 0.6694890260696411, -17.159055709838867
173, 66.57863856852055, 4, 49.60661381099999, 380, 68329, 68329, 0.6712619066238403, -17.06800651550293
174, 67.67418134212494, 4, 49.620443499999965, 380, 68709, 68709, 0.6628738641738892, -17.043529510498047
175, 66.86508004367352, 4, 49.6332076510007, 381, 69090, 69090, 0.6591874957084656, -16.942991256713867
176, 66.57269370555878, 4, 49.51609627200014, 380, 69470, 69470, 0.6705664992332458, -16.80198860168457
177, 66.3975818157196, 4, 49.719473122000636, 382, 69852, 69852, 0.6571959853172302, -16.81496238708496
178, 65.28652842342854, 4, 49.528467553000155, 380, 70232, 70232, 0.6454432010650635, -16.751943588256836
179, 65.75249968469143, 4, 49.61447243799921, 381, 70613, 70613, 0.657207727432251, -16.574413299560547
180, 67.13297508656979, 4, 49.535377582000365, 380, 70993, 70993, 0.6408125758171082, -16.56260108947754
181, 67.093813970685, 4, 49.698202237999794, 381, 71374, 71374, 0.6466152667999268, -16.509000778198242
182, 67.21140445768833, 4, 49.56607534499926, 381, 71755, 71755, 0.6200644373893738, -16.47791290283203
183, 65.73250032961369, 4, 49.54813101000036, 380, 72135, 72135, 0.6535357236862183, -16.36795425415039
184, 67.60783904790878, 4, 49.70125707999978, 381, 72516, 72516, 0.6434441804885864, -16.3188533782959
185, 67.69097782671452, 4, 49.530963258001066, 380, 72896, 72896, 0.6194257140159607, -16.164403915405273
186, 66.16371881961823, 4, 49.582724500998665, 380, 73276, 73276, 0.6284552216529846, -16.11229133605957
187, 66.58473041653633, 4, 49.59985358399899, 380, 73656, 73656, 0.6342964768409729, -16.18193244934082
188, 67.40867485105991, 4, 49.693561062998924, 380, 74036, 74036, 0.6277995109558105, -16.079147338867188
189, 67.66907377541065, 4, 49.540611206000904, 380, 74416, 74416, 0.6109116673469543, -16.080415725708008
190, 67.3010338395834, 4, 49.63760595199892, 380, 74796, 74796, 0.6472307443618774, -15.880575180053711
191, 68.15986754000187, 4, 49.58118062500034, 379, 75175, 75175, 0.6341540813446045, -15.903996467590332
192, 67.20975428819656, 4, 49.639901968999766, 381, 75556, 75556, 0.6430549025535583, -15.808794975280762
193, 66.74010765552521, 4, 49.650101525001446, 381, 75937, 75937, 0.6468222737312317, -15.84104061126709
194, 65.95622995495796, 4, 49.60029874199972, 379, 76316, 76316, 0.6500480771064758, -15.935271263122559
195, 65.7493497878313, 4, 49.563425333999476, 379, 76695, 76695, 0.6368371248245239, -15.734309196472168
196, 66.7300464361906, 4, 49.55977020899991, 380, 77075, 77075, 0.6663740277290344, -15.692541122436523
197, 67.31494092941284, 4, 49.70983492400046, 380, 77455, 77455, 0.6863678097724915, -15.674375534057617
198, 100.35397070646286, 2, 39.10369995699875, 297, 77752, 77752, 0.7185618281364441, -15.754986763000488
199, 276.9942106306553, 4, 50.044574967998415, 381, 78133, 78133, 0.7493330836296082, -16.142393112182617
200, 28.607491567730904, 2, 7.79133986800116, 56, 78189, 78189, 0.8167997002601624, -16.301349639892578
201, 108.1187978386879, 2, 23.714268120998895, 179, 78368, 78368, 0.7844598889350891, -16.29831886291504
202, 28.744126215577126, 2, 8.283605179000006, 60, 78428, 78428, 0.7211828231811523, -16.157176971435547
203, 243.67383208870888, 4, 49.46877301200038, 378, 78806, 78806, 0.7136111855506897, -16.422773361206055
204, 244.61923940479755, 4, 49.55001092400016, 377, 79183, 79183, 0.6581666469573975, -16.6551456451416
205, 265.9482309371233, 4, 49.68017157799841, 380, 79563, 79563, 0.6463269591331482, -16.818662643432617
206, 165.7712927311659, 2, 32.692888367000705, 248, 79811, 79811, 0.6076815128326416, -16.92575454711914
207, 259.0800736248493, 4, 49.48707207899861, 378, 80189, 80189, 0.6340665817260742, -16.904340744018555
208, 249.32914486527443, 4, 49.50034444300036, 378, 80567, 80567, 0.5742098093032837, -17.1345272064209
209, 41.93367479741573, 2, 10.091156742999374, 74, 80641, 80641, 0.6375336647033691, -17.150331497192383
210, 267.58957310020924, 4, 50.081204587000684, 382, 81023, 81023, 0.5429021716117859, -17.310758590698242
211, 100.08964817225933, 2, 20.81329192300109, 156, 81179, 81179, 0.5402032732963562, -17.36768913269043
212, 283.9378189891577, 4, 49.42026606499894, 377, 81556, 81556, 0.5458952188491821, -17.303512573242188
213, 17.260621786117554, 2, 5.312997362998431, 37, 81593, 81593, 0.6462022662162781, -17.367055892944336
214, 14.580980107188225, 2, 4.660472506000588, 32, 81625, 81625, 0.5531904697418213, -17.46958351135254
215, 126.38858041167259, 2, 27.48945509800069, 208, 81833, 81833, 0.5347378253936768, -17.403587341308594
216, 50.6122520416975, 2, 11.918543620000492, 88, 81921, 81921, 0.5377134084701538, -17.3430118560791
217, 30.072632029652596, 2, 9.348583326998778, 68, 81989, 81989, 0.5618777275085449, -17.438064575195312
218, 152.75647361576557, 2, 34.0075105069991, 258, 82247, 82247, 0.5534242987632751, -17.398746490478516
219, 250.39066272974014, 4, 50.08767512399936, 383, 82630, 82630, 0.5279839038848877, -17.50730323791504
220, 83.19480833411217, 2, 18.782684574000086, 141, 82771, 82771, 0.5379042029380798, -17.66659927368164
221, 29.57296848297119, 2, 8.00213758999962, 58, 82829, 82829, 0.48230651021003723, -17.765039443969727
222, 89.13925245404243, 2, 20.859354857000653, 157, 82986, 82986, 0.5282232165336609, -17.614627838134766
223, 237.44088459014893, 4, 49.70864890900157, 380, 83366, 83366, 0.5054383277893066, -17.757905960083008
224, 237.5382650643587, 4, 49.580380526000226, 378, 83744, 83744, 0.5139627456665039, -17.890718460083008
225, 218.09185627102852, 4, 49.56950085999961, 378, 84122, 84122, 0.5017595887184143, -18.089454650878906
226, 233.39196087419987, 4, 49.608500667000044, 379, 84501, 84501, 0.5107024312019348, -18.139310836791992
227, 222.2638175189495, 4, 49.58084150799914, 379, 84880, 84880, 0.5094862580299377, -18.330541610717773
228, 214.15683893859386, 4, 49.588220096999066, 379, 85259, 85259, 0.5012423396110535, -18.55745506286621
229, 213.17450666427612, 4, 49.61483337699974, 379, 85638, 85638, 0.4851319491863251, -18.64348793029785
230, 7.709806263446808, 2, 4.425958787000127, 30, 85668, 85668, 0.47983279824256897, -18.728517532348633
231, 89.6239949464798, 2, 21.838064753999788, 164, 85832, 85832, 0.49851059913635254, -18.660858154296875
232, 116.950773909688, 2, 26.932401611000387, 204, 86036, 86036, 0.4814298748970032, -18.716466903686523
233, 226.44479782879353, 4, 50.08514999200088, 382, 86418, 86418, 0.49024027585983276, -18.8908634185791
234, 232.76240374147892, 4, 49.59433334999994, 378, 86796, 86796, 0.4842287003993988, -19.005464553833008
235, 106.16316545009613, 2, 26.44289960899914, 200, 86996, 86996, 0.4927980303764343, -19.131052017211914
236, 43.78399907052517, 4, 49.852997963000234, 381, 87377, 87377, 0.46358031034469604, -19.285106658935547
237, 29.88326070457697, 2, 9.754314866999266, 71, 87448, 87448, 0.4408913254737854, -19.21246337890625
238, 33.9636961966753, 2, 9.8519943529991, 72, 87520, 87520, 0.45811721682548523, -19.259592056274414
239, 215.20251733064651, 4, 49.98849660400083, 382, 87902, 87902, 0.4927624464035034, -19.451030731201172
240, 210.70498472452164, 4, 49.62973079599942, 379, 88281, 88281, 0.4801677465438843, -19.587034225463867
241, 211.35824854671955, 4, 49.59776224400048, 378, 88659, 88659, 0.46093738079071045, -19.7581787109375
242, 78.14378508925438, 2, 17.597669532999134, 131, 88790, 88790, 0.49167951941490173, -19.932373046875
243, 216.4441942423582, 4, 49.63488367900027, 378, 89168, 89168, 0.4963010251522064, -19.98278045654297
244, 199.38924449682236, 4, 49.59294854299878, 379, 89547, 89547, 0.4691098928451538, -20.126161575317383
245, 220.35386550426483, 2, 47.80148657499922, 364, 89911, 89911, 0.4538368880748749, -20.261611938476562
246, 229.82365460693836, 4, 49.4189823179986, 377, 90288, 90288, 0.4713943898677826, -20.452800750732422
247, 219.94441297650337, 4, 49.50975723400006, 378, 90666, 90666, 0.4880715012550354, -20.565031051635742
248, 243.12823218107224, 4, 49.669634644000325, 380, 91046, 91046, 0.472450852394104, -20.7288875579834
249, 237.28002700209618, 4, 49.62653515499915, 379, 91425, 91425, 0.46183711290359497, -20.745731353759766
250, 238.293440669775, 4, 49.64537848600048, 379, 91804, 91804, 0.48344722390174866, -20.979759216308594
251, 228.99750803411007, 4, 49.5995074500006, 379, 92183, 92183, 0.4749888777732849, -21.07208251953125
252, 244.91612085700035, 4, 49.599392182000884, 379, 92562, 92562, 0.4741392135620117, -21.2086181640625
253, 149.75513541698456, 2, 32.80090861499957, 249, 92811, 92811, 0.42764702439308167, -21.467920303344727
254, 92.72092652320862, 2, 20.807042222000746, 156, 92967, 92967, 0.4763830602169037, -21.54597282409668
255, 220.90643639862537, 4, 50.12989316400126, 383, 93350, 93350, 0.4840373992919922, -21.641050338745117
256, 247.30901011824608, 4, 49.70740021900019, 380, 93730, 93730, 0.44712451100349426, -21.778757095336914
257, 197.4476080685854, 4, 49.53154514999915, 377, 94107, 94107, 0.48157167434692383, -21.880260467529297
258, 212.79444605112076, 4, 49.69706296100048, 379, 94486, 94486, 0.44670459628105164, -21.93890380859375
259, 227.58005653321743, 4, 49.511683721000736, 376, 94862, 94862, 0.4656291604042053, -22.166059494018555
260, 82.71765026450157, 2, 20.116393125001196, 151, 95013, 95013, 0.45349550247192383, -22.23540687561035
261, 220.1643553674221, 4, 50.068563107000955, 381, 95394, 95394, 0.46005189418792725, -22.34646987915039
262, 227.64322836697102, 4, 49.613136088999454, 379, 95773, 95773, 0.44061338901519775, -22.4476261138916
263, 222.46321277320385, 4, 49.633259968002676, 378, 96151, 96151, 0.4488471746444702, -22.593883514404297
264, 222.2152822315693, 4, 49.542496891001065, 378, 96529, 96529, 0.43089500069618225, -22.691465377807617
265, 234.5351695716381, 4, 49.7457278389993, 379, 96908, 96908, 0.45740723609924316, -22.85957908630371
266, 231.9152066409588, 4, 49.55707366099887, 378, 97286, 97286, 0.4701363742351532, -22.924911499023438
267, 235.0845781713724, 4, 49.57786273700185, 378, 97664, 97664, 0.4388602077960968, -23.099668502807617
268, 242.47397682070732, 4, 49.61418776299979, 378, 98042, 98042, 0.44822999835014343, -23.313762664794922
269, 220.33696801960468, 4, 49.66010937600004, 380, 98422, 98422, 0.44673478603363037, -23.27680206298828
270, 84.42055064439774, 2, 19.06788586899711, 143, 98565, 98565, 0.5114565491676331, -23.525300979614258
271, 244.69450080394745, 4, 50.06505779700092, 382, 98947, 98947, 0.44659411907196045, -23.511049270629883
272, 221.06973581016064, 4, 49.59596636100105, 378, 99325, 99325, 0.4580436944961548, -23.731935501098633
273, 242.70658123493195, 4, 49.670062221997796, 379, 99704, 99704, 0.43926143646240234, -23.810012817382812
274, 227.02718296647072, 4, 49.568799714001216, 378, 100082, 100082, 0.45226970314979553, -23.92610740661621
275, 20.201952904462814, 2, 6.699587466002413, 48, 100130, 100130, 0.3758738338947296, -24.040971755981445
276, 12.311629548668861, 2, 5.0395020639989525, 35, 100165, 100165, 0.39715781807899475, -23.91590118408203
277, 226.3728514611721, 4, 50.004678405999584, 381, 100546, 100546, 0.4324394762516022, -24.133575439453125
278, 235.8634929805994, 4, 49.55827408100231, 379, 100925, 100925, 0.4566166400909424, -24.21790313720703
279, 228.93780539929867, 4, 49.634575536998454, 379, 101304, 101304, 0.4462603032588959, -24.359243392944336
280, 215.24137127399445, 4, 49.60696846999781, 379, 101683, 101683, 0.4411238133907318, -24.425525665283203
281, 235.35511542856693, 4, 49.68605440800093, 379, 102062, 102062, 0.43342646956443787, -24.604036331176758
282, 230.83182522654533, 4, 49.56328306400246, 378, 102440, 102440, 0.417934387922287, -24.73670196533203
283, 236.9720662087202, 4, 49.66490382600023, 379, 102819, 102819, 0.4374038875102997, -24.87091636657715
284, 241.5570498406887, 4, 49.61136808899755, 378, 103197, 103197, 0.41227737069129944, -25.09276008605957
285, 216.23347763717175, 4, 49.61342017399875, 379, 103576, 103576, 0.4471874535083771, -25.15924644470215
286, 232.3222823292017, 4, 49.679886724003154, 378, 103954, 103954, 0.43668878078460693, -25.21829605102539
287, 213.27563858032227, 4, 49.607042837000336, 379, 104333, 104333, 0.430291086435318, -25.37224006652832
288, 232.4551510810852, 4, 49.619389355997555, 379, 104712, 104712, 0.44293755292892456, -25.591230392456055
289, 220.8449019342661, 4, 49.559574437000265, 378, 105090, 105090, 0.43656080961227417, -25.68476676940918
290, 117.81470702588558, 2, 26.869841337000253, 203, 105293, 105293, 0.39833956956863403, -25.86581802368164
291, 234.40433675050735, 4, 50.30963600099858, 384, 105677, 105677, 0.4532068073749542, -25.865514755249023
292, 239.0579672753811, 4, 49.723035744998924, 379, 106056, 106056, 0.4371681809425354, -25.982627868652344
293, 220.4524421095848, 4, 49.52606534900042, 377, 106433, 106433, 0.4532201290130615, -26.250463485717773
294, 221.43984054028988, 4, 49.68993433400101, 379, 106812, 106812, 0.4343608021736145, -26.279970169067383
295, 241.86690470576286, 4, 49.679378641001676, 379, 107191, 107191, 0.43532615900039673, -26.451929092407227
296, 236.57731917500496, 4, 49.55770661299903, 377, 107568, 107568, 0.4594945013523102, -26.502948760986328
297, 7.652019709348679, 2, 4.399959621998278, 30, 107598, 107598, 0.45995137095451355, -26.642248153686523
298, 104.57101334631443, 2, 28.648541689999547, 217, 107815, 107815, 0.47980380058288574, -26.54926300048828
299, 225.2250349074602, 4, 49.61496267700204, 378, 108193, 108193, 0.44858518242836, -26.673683166503906
300, 154.69615884125233, 2, 32.30413943899839, 245, 108438, 108438, 0.45309996604919434, -26.885473251342773
301, 2.8771525770425797, 2, 4.444824509002501, 30, 108468, 108468, 0.435254842042923, -26.8450927734375
302, 232.59857933223248, 4, 50.06938698099839, 381, 108849, 108849, 0.4337400496006012, -26.86648941040039
303, 244.7766973823309, 4, 49.6328482200006, 378, 109227, 109227, 0.4707213342189789, -26.998506546020508
304, 213.98243364691734, 4, 49.5631884430004, 378, 109605, 109605, 0.4615776836872101, -27.152076721191406
305, 218.66345147788525, 4, 49.71577861200058, 379, 109984, 109984, 0.44526928663253784, -27.299320220947266
306, 238.239802390337, 4, 49.63575268200293, 378, 110362, 110362, 0.4670655131340027, -27.444454193115234
307, 60.450975984334946, 2, 13.612634353998146, 101, 110463, 110463, 0.4896564185619354, -27.575210571289062
308, 235.5130940079689, 4, 49.562204384001234, 378, 110841, 110841, 0.4775395095348358, -27.598896026611328
309, 245.45634470880032, 4, 49.60713438800303, 379, 111220, 111220, 0.47242939472198486, -27.779544830322266
310, 238.1759957820177, 4, 49.664386546999594, 379, 111599, 111599, 0.48713430762290955, -27.866256713867188
311, 235.93821322917938, 4, 49.49102453899832, 378, 111977, 111977, 0.4870319366455078, -28.053346633911133
312, 230.5689532160759, 4, 49.685635756999545, 378, 112355, 112355, 0.5147976875305176, -28.16751480102539
313, 7.050190757960081, 2, 4.390258683997672, 30, 112385, 112385, 0.5448262095451355, -28.774465560913086
314, 194.1584276407957, 2, 40.43362559000161, 307, 112692, 112692, 0.4772561490535736, -28.159059524536133
315, 235.71362887322903, 4, 50.03796379900086, 381, 113073, 113073, 0.4958011507987976, -28.338407516479492
316, 7.228836613707244, 2, 4.380457348001073, 30, 113103, 113103, 0.48048925399780273, -28.396501541137695
317, 236.67150435969234, 4, 49.77158098699874, 377, 113480, 113480, 0.509169340133667, -28.385602951049805
318, 222.95469351112843, 4, 49.60895138499836, 378, 113858, 113858, 0.5010347962379456, -28.627199172973633
319, 240.82068617641926, 4, 49.64004806400044, 378, 114236, 114236, 0.5379887819290161, -28.738506317138672
320, 247.92822505533695, 4, 49.60289185700094, 378, 114614, 114614, 0.5091987252235413, -28.8432674407959
321, 6.549446403980255, 2, 4.449302583001554, 30, 114644, 114644, 0.5422894358634949, -29.00299835205078
322, 125.75720775127411, 2, 29.567757246997644, 224, 114868, 114868, 0.5505864024162292, -28.93804359436035
323, 235.15731343626976, 4, 49.728494928000146, 379, 115247, 115247, 0.5219032764434814, -29.05449676513672
324, 228.59345960617065, 4, 49.59976144900065, 377, 115624, 115624, 0.5443455576896667, -29.1173038482666
325, 246.92121247947216, 4, 49.693209100001695, 379, 116003, 116003, 0.5375134944915771, -29.324661254882812
326, 236.6160444021225, 4, 49.547436533997825, 376, 116379, 116379, 0.5407056212425232, -29.331329345703125
327, 223.50866949558258, 4, 49.621464494000975, 378, 116757, 116757, 0.5378870368003845, -29.421188354492188
328, 241.5359119027853, 4, 49.637141046998295, 377, 117134, 117134, 0.5696024298667908, -29.529808044433594
329, 250.3526855558157, 4, 49.724362749002466, 379, 117513, 117513, 0.533306360244751, -29.69083595275879
330, 237.59767299890518, 4, 49.63998255000115, 378, 117891, 117891, 0.5522708296775818, -29.778806686401367
331, 207.85405033826828, 4, 49.64974812899891, 377, 118268, 118268, 0.5477955937385559, -29.812013626098633
332, 238.6480097770691, 4, 49.59424604600281, 377, 118645, 118645, 0.5586972236633301, -29.84678840637207
333, 244.90727105736732, 4, 49.61658761399667, 376, 119021, 119021, 0.5625854134559631, -29.981826782226562
334, 8.075489670038223, 2, 4.466918510999676, 30, 119051, 119051, 0.47095757722854614, -30.222265243530273
335, 249.43662831932306, 4, 49.73896486600279, 378, 119429, 119429, 0.5756403803825378, -30.138914108276367
336, 241.60975927114487, 4, 49.617876520998834, 378, 119807, 119807, 0.5755954384803772, -30.196346282958984
337, 216.19709223508835, 4, 49.592813998002384, 378, 120185, 120185, 0.5657454133033752, -30.281951904296875
338, 241.2132107615471, 4, 49.61566393400062, 378, 120563, 120563, 0.5671623945236206, -30.403989791870117
339, 239.97317318618298, 4, 49.66304896600195, 378, 120941, 120941, 0.5326456427574158, -30.596742630004883
340, 33.26937825977802, 2, 9.730147762998968, 71, 121012, 121012, 0.5811514258384705, -30.68709373474121
341, 229.25662052631378, 4, 49.49091135300114, 376, 121388, 121388, 0.5599167943000793, -30.8221435546875
342, 253.86117014288902, 4, 49.68436306999865, 378, 121766, 121766, 0.5415497422218323, -30.95652198791504
343, 232.1074421107769, 2, 47.6834041300026, 363, 122129, 122129, 0.5381654500961304, -31.04994773864746
344, 12.629267245531082, 2, 5.081831586001499, 35, 122164, 122164, 0.5294528603553772, -31.350875854492188
345, 236.9515286386013, 4, 49.931912183998065, 379, 122543, 122543, 0.5181674957275391, -31.198118209838867
346, 238.6573642194271, 4, 49.64752805199896, 378, 122921, 122921, 0.5243731737136841, -31.343503952026367
347, 81.82683955132961, 2, 18.158859946997836, 136, 123057, 123057, 0.529643177986145, -31.502395629882812
348, 216.64744885265827, 4, 50.06249000200114, 381, 123438, 123438, 0.5160117745399475, -31.4775390625
349, 219.78986099362373, 4, 49.613662518997444, 378, 123816, 123816, 0.5501329302787781, -31.652982711791992
350, 233.37387709319592, 4, 49.66525890199773, 379, 124195, 124195, 0.552221953868866, -31.733118057250977
351, 239.85041181743145, 4, 49.6512484699997, 377, 124572, 124572, 0.5274450182914734, -31.886213302612305
352, 6.799490163102746, 2, 4.476718959002028, 30, 124602, 124602, 0.46066805720329285, -31.8743839263916
353, 39.16469035670161, 2, 13.14440261100026, 97, 124699, 124699, 0.4879995882511139, -32.00007629394531
354, 235.40267632901669, 4, 50.140226316001645, 381, 125080, 125080, 0.537929117679596, -31.963884353637695
355, 232.9953986853361, 4, 49.56864511599997, 378, 125458, 125458, 0.5832105278968811, -32.01935958862305
356, 245.9081837683916, 4, 49.67850285000168, 378, 125836, 125836, 0.5186048150062561, -32.253440856933594
357, 222.04886281490326, 4, 49.58191572800206, 377, 126213, 126213, 0.5174201726913452, -32.371734619140625
358, 7.076894044876099, 2, 4.448944283998571, 30, 126243, 126243, 0.4650800824165344, -32.59865951538086
359, 237.1688042730093, 4, 49.77563128199836, 379, 126622, 126622, 0.49697402119636536, -32.39753341674805
360, 219.69911931455135, 4, 49.657462068000314, 378, 127000, 127000, 0.5020895004272461, -32.525753021240234
361, 242.8786960542202, 4, 49.59960677100025, 377, 127377, 127377, 0.5338672399520874, -32.6912841796875
362, 231.48690858483315, 4, 49.75007143499897, 378, 127755, 127755, 0.5378445982933044, -32.775390625
363, 230.9864534586668, 4, 49.58050269500018, 377, 128132, 128132, 0.5285729765892029, -32.73221206665039
364, 212.87578389048576, 4, 49.58274229000017, 377, 128509, 128509, 0.5267304182052612, -32.917236328125
365, 233.842613697052, 4, 49.67302685600225, 378, 128887, 128887, 0.531852662563324, -33.02167510986328
366, 223.78956706821918, 4, 49.6427678129985, 378, 129265, 129265, 0.5422623157501221, -33.2213020324707
367, 240.44396172463894, 4, 49.70896860100038, 378, 129643, 129643, 0.5106357932090759, -33.27018737792969
368, 237.65108688175678, 4, 49.58385659199848, 377, 130020, 130020, 0.5329992771148682, -33.31840133666992
369, 219.90012155473232, 4, 49.72247393299767, 378, 130398, 130398, 0.5090277791023254, -33.498207092285156
370, 5.539226062595844, 2, 4.424187340999197, 30, 130428, 130428, 0.5785146355628967, -33.57398223876953
371, 236.0343441516161, 4, 49.71505914900263, 378, 130806, 130806, 0.532336950302124, -33.50360870361328
372, 218.66509218513966, 4, 49.65861411000151, 377, 131183, 131183, 0.5113622546195984, -33.64379119873047
373, 233.18039366602898, 4, 49.65953141600039, 378, 131561, 131561, 0.4995500147342682, -33.74287033081055
374, 242.36329939961433, 4, 49.62931716000094, 377, 131938, 131938, 0.5249471664428711, -33.80748748779297
375, 234.50432865321636, 4, 49.5601287770005, 377, 132315, 132315, 0.5254870057106018, -34.007999420166016
376, 240.46036010980606, 4, 49.73192125100104, 377, 132692, 132692, 0.49038857221603394, -34.02006912231445
377, 234.48984728753567, 4, 49.632706825999776, 377, 133069, 133069, 0.503709614276886, -34.15666961669922
378, 228.07723328471184, 4, 49.663005858998076, 377, 133446, 133446, 0.5183472633361816, -34.205345153808594
379, 218.44641993939877, 4, 49.69002750800064, 378, 133824, 133824, 0.5539992451667786, -34.22766876220703
380, 237.84820541739464, 4, 49.63875473799999, 378, 134202, 134202, 0.511587917804718, -34.410606384277344
381, 246.904099047184, 4, 49.56613741900219, 377, 134579, 134579, 0.5198225975036621, -34.45635223388672
382, 223.9909863770008, 4, 49.63029337400076, 377, 134956, 134956, 0.5292561054229736, -34.625335693359375
383, 236.6166058331728, 4, 49.697386021001876, 377, 135333, 135333, 0.5439192652702332, -34.761802673339844
384, 226.26257173717022, 4, 49.73403666199738, 378, 135711, 135711, 0.5521928668022156, -34.65222930908203
385, 250.15847328305244, 4, 49.65434929899857, 377, 136088, 136088, 0.5495152473449707, -34.8073616027832
386, 221.13490603864193, 4, 49.60451087399997, 377, 136465, 136465, 0.5272392630577087, -34.92789077758789
387, 100.8306724280119, 4, 49.72219940299692, 378, 136843, 136843, 0.5432437062263489, -35.01226043701172
388, 226.77293880283833, 4, 49.638601467002445, 377, 137220, 137220, 0.5297804474830627, -35.021278381347656
389, 243.72042144834995, 4, 49.661889623002935, 377, 137597, 137597, 0.5359834432601929, -35.12083053588867
390, 5.781942695379257, 2, 4.4477818430023035, 30, 137627, 137627, 0.46156632900238037, -35.28221893310547
391, 230.53190499544144, 4, 49.66640818899759, 378, 138005, 138005, 0.5296833515167236, -35.19340133666992
392, 257.59057146310806, 4, 49.677911277998646, 377, 138382, 138382, 0.546374499797821, -35.308807373046875
393, 8.306785997003317, 2, 4.441740076999849, 30, 138412, 138412, 0.5403017401695251, -35.165382385253906
394, 123.28613882511854, 2, 27.298960429001454, 205, 138617, 138617, 0.5384206175804138, -35.366302490234375
395, 227.74644182622433, 4, 50.03185211500022, 380, 138997, 138997, 0.5652448534965515, -35.395877838134766
396, 232.6527001708746, 4, 49.66463097700034, 377, 139374, 139374, 0.5618882775306702, -35.45655059814453
397, 217.4418344795704, 4, 49.62897810800132, 377, 139751, 139751, 0.5400005578994751, -35.55713653564453
398, 235.0188656002283, 4, 49.7034174779983, 377, 140128, 140128, 0.5481371879577637, -35.55554962158203
399, 236.75051645934582, 4, 49.58318383000005, 376, 140504, 140504, 0.5508096814155579, -35.6696891784668
400, 224.25903964042664, 4, 49.750260632998106, 377, 140881, 140881, 0.5177369713783264, -35.81344985961914
401, 231.14791858196259, 4, 49.636252645999775, 376, 141257, 141257, 0.5687729716300964, -35.790809631347656
402, 225.632166326046, 4, 49.71371415300018, 377, 141634, 141634, 0.5558900833129883, -35.85076141357422
403, 221.09166955947876, 4, 49.63051746199926, 377, 142011, 142011, 0.5750181078910828, -35.869850158691406
404, 46.30287744104862, 2, 13.58482526700027, 100, 142111, 142111, 0.6208922863006592, -35.748931884765625
405, 233.63668569922447, 4, 49.54825171899938, 376, 142487, 142487, 0.5556755065917969, -35.96384811401367
406, 228.69509783387184, 4, 49.64984812699913, 377, 142864, 142864, 0.5866814851760864, -36.01798629760742
407, 222.60673663020134, 4, 49.72786051499861, 377, 143241, 143241, 0.5663590431213379, -35.93653869628906
408, 224.3472246080637, 4, 49.64435528199829, 376, 143617, 143617, 0.5699933767318726, -36.19487762451172
409, 226.31476148962975, 4, 49.652446299001895, 377, 143994, 143994, 0.5518497228622437, -36.21609115600586
410, 226.12032064795494, 4, 49.580419574998814, 376, 144370, 144370, 0.5507327914237976, -36.30401611328125
411, 249.89385092258453, 4, 49.706321887999366, 377, 144747, 144747, 0.5858622789382935, -36.40692901611328
412, 224.73523984849453, 4, 49.6065974660014, 376, 145123, 145123, 0.554140031337738, -36.359004974365234
413, 237.076477304101, 4, 49.63337706099992, 377, 145500, 145500, 0.588455855846405, -36.5335807800293
414, 241.36440552771091, 4, 49.72509626399915, 378, 145878, 145878, 0.5935611128807068, -36.56061935424805
415, 233.28283074498177, 4, 49.75609944000098, 377, 146255, 146255, 0.6007832884788513, -36.56766128540039
416, 235.28450205922127, 4, 49.64603330099999, 376, 146631, 146631, 0.5959529280662537, -36.715938568115234
417, 221.58263318240643, 4, 49.70720637600243, 378, 147009, 147009, 0.5665053129196167, -36.71177291870117
418, 252.0999679863453, 4, 49.57453449399691, 375, 147384, 147384, 0.5809788107872009, -36.85325622558594
419, 230.60731427371502, 4, 49.62844282899823, 376, 147760, 147760, 0.6111227869987488, -36.93320846557617
420, 249.3604961335659, 4, 49.71505941899886, 377, 148137, 148137, 0.6147511005401611, -36.908599853515625
421, 151.64450995624065, 2, 33.47004500800176, 252, 148389, 148389, 0.6332578659057617, -36.86138916015625
422, 221.88631972670555, 4, 49.78447827299897, 378, 148767, 148767, 0.6129516363143921, -37.029136657714844
423, 222.47829343378544, 4, 49.66273994199946, 376, 149143, 149143, 0.611781656742096, -37.078094482421875
424, 220.5638799071312, 4, 49.640052956001455, 376, 149519, 149519, 0.5755296349525452, -37.20893859863281
425, 228.3902716934681, 4, 49.643149626001104, 376, 149895, 149895, 0.5983401536941528, -37.26316452026367
426, 231.88857655227184, 4, 49.681715827002336, 377, 150272, 150272, 0.6288353204727173, -37.282718658447266
427, 233.62654101848602, 4, 49.69754298499902, 377, 150649, 150649, 0.6225202083587646, -37.330989837646484
428, 223.9978917390108, 4, 49.60684474200025, 376, 151025, 151025, 0.6216723918914795, -37.44001007080078
429, 221.99797546863556, 4, 49.66302486399945, 376, 151401, 151401, 0.5878263711929321, -37.405460357666016
430, 242.2089755833149, 4, 49.70064606300002, 376, 151777, 151777, 0.6570102572441101, -37.51283645629883
431, 221.21027024835348, 4, 49.62110073199801, 376, 152153, 152153, 0.6500434279441833, -37.56406784057617
432, 220.3205609023571, 4, 49.804035124998336, 377, 152530, 152530, 0.6506863236427307, -37.6230583190918
433, 215.36712050437927, 4, 49.66710362000231, 376, 152906, 152906, 0.651379406452179, -37.62750244140625
434, 235.12407843768597, 4, 49.686270188998606, 376, 153282, 153282, 0.6765496134757996, -37.63600540161133
435, 225.57698741555214, 4, 49.629637866997655, 375, 153657, 153657, 0.6625849604606628, -37.81362533569336
436, 212.5262965708971, 4, 49.67253829499896, 376, 154033, 154033, 0.6638889908790588, -37.76538848876953
437, 224.4600437283516, 4, 49.57601148899994, 376, 154409, 154409, 0.6561471819877625, -37.8573112487793
438, 232.10266660153866, 4, 49.668158507000044, 376, 154785, 154785, 0.6575008034706116, -37.86626434326172
439, 227.9609743654728, 4, 49.7561640290005, 377, 155162, 155162, 0.6048530340194702, -37.95467758178711
440, 239.22087635099888, 4, 49.56987597400075, 377, 155539, 155539, 0.6481643915176392, -38.039981842041016
441, 206.96063268184662, 4, 49.74976429999879, 377, 155916, 155916, 0.5890638828277588, -38.15108871459961
442, 220.490227535367, 4, 49.60144528700039, 376, 156292, 156292, 0.6703869104385376, -38.19895935058594
443, 221.99431492388248, 4, 49.67702214000019, 376, 156668, 156668, 0.6293836832046509, -38.17808151245117
444, 226.6385293751955, 4, 49.71268701000008, 376, 157044, 157044, 0.6314260363578796, -38.298885345458984
445, 229.26974155008793, 4, 49.615887276999274, 377, 157421, 157421, 0.6637271046638489, -38.377986907958984
446, 231.12733697891235, 4, 49.718262949001655, 377, 157798, 157798, 0.6846247911453247, -38.23955154418945
447, 214.2688336223364, 4, 49.67281030799859, 376, 158174, 158174, 0.6569558382034302, -38.533607482910156
448, 203.92429764568806, 2, 44.059457231000124, 333, 158507, 158507, 0.6517530083656311, -38.617855072021484
449, 236.13554885983467, 4, 50.24565571399944, 380, 158887, 158887, 0.6911530494689941, -38.669681549072266
450, 231.58360183238983, 4, 49.63300702500055, 375, 159262, 159262, 0.6837348341941833, -38.738468170166016
451, 224.60764436423779, 4, 49.67601353200007, 376, 159638, 159638, 0.6702975630760193, -38.77070999145508
452, 236.033848002553, 4, 49.7178300150008, 376, 160014, 160014, 0.6689417958259583, -38.83300018310547
453, 209.47782289981842, 4, 49.637408422997396, 376, 160390, 160390, 0.6720996499061584, -38.8494987487793
454, 221.04368376731873, 4, 49.70962356400196, 377, 160767, 160767, 0.6684895157814026, -38.8629150390625
455, 240.96387068927288, 4, 49.672908260999975, 377, 161144, 161144, 0.7067912220954895, -38.960018157958984
456, 222.93265587091446, 4, 49.66201631300282, 376, 161520, 161520, 0.6393176317214966, -39.09389877319336
457, 232.30209012329578, 4, 49.6503973559993, 375, 161895, 161895, 0.6683701872825623, -39.17766571044922
458, 226.14165361225605, 4, 49.71766663199742, 376, 162271, 162271, 0.7168288826942444, -39.162437438964844
459, 211.72471016645432, 4, 49.65853541600154, 376, 162647, 162647, 0.7239025831222534, -39.109134674072266
460, 218.9640672802925, 4, 49.66047523799716, 376, 163023, 163023, 0.7062088847160339, -39.18674850463867
461, 216.85375708341599, 4, 49.619128877999174, 375, 163398, 163398, 0.6602681875228882, -39.25831985473633
462, 205.03504110872746, 2, 44.08640178499991, 333, 163731, 163731, 0.6698697209358215, -39.255409240722656
463, 231.93918819725513, 4, 50.30187344500155, 381, 164112, 164112, 0.6992254257202148, -39.48460388183594
464, 234.2774338722229, 4, 49.66272106099859, 377, 164489, 164489, 0.7023860812187195, -39.48752975463867
465, 206.99524913728237, 4, 49.611156426999514, 375, 164864, 164864, 0.6513567566871643, -39.45748519897461
466, 235.0254693776369, 4, 49.756268133998674, 376, 165240, 165240, 0.6916319131851196, -39.51516342163086
467, 234.55875420570374, 4, 49.65596246600035, 375, 165615, 165615, 0.6871345043182373, -39.6636962890625
468, 231.37073747813702, 4, 49.702858002998255, 377, 165992, 165992, 0.6972032785415649, -39.735626220703125
469, 40.402051851153374, 2, 11.211633375998645, 82, 166074, 166074, 0.729739248752594, -39.47400665283203
470, 230.53044500947, 4, 50.03697416099749, 379, 166453, 166453, 0.7054051756858826, -39.64134979248047
471, 227.89029183983803, 4, 49.583093162000296, 375, 166828, 166828, 0.6881003975868225, -39.86473083496094
472, 236.73738834261894, 4, 49.74146794000262, 376, 167204, 167204, 0.695799708366394, -39.78912353515625
473, 226.6378284394741, 4, 49.70333204599956, 376, 167580, 167580, 0.7041892409324646, -39.83736801147461
474, 226.43281449377537, 4, 49.69983915899866, 377, 167957, 167957, 0.7208859324455261, -40.00764465332031
475, 231.09142297506332, 4, 49.59097652700075, 375, 168332, 168332, 0.6822488903999329, -40.095027923583984
476, 217.24611139297485, 4, 49.67036867000206, 375, 168707, 168707, 0.7110043168067932, -39.99699401855469
477, 236.3224115818739, 4, 49.69870949899996, 376, 169083, 169083, 0.6998723745346069, -40.180057525634766
478, 228.83679093420506, 4, 49.69257771699995, 376, 169459, 169459, 0.6900627613067627, -40.34117889404297
479, 238.12846156954765, 4, 49.718032296001184, 375, 169834, 169834, 0.7230979800224304, -40.310272216796875
480, 212.21739123761654, 4, 49.706382042997575, 376, 170210, 170210, 0.704233705997467, -40.311317443847656
481, 233.12979005277157, 4, 49.61092909099898, 375, 170585, 170585, 0.752683162689209, -40.30386734008789
482, 229.85707187652588, 4, 49.74188289900121, 376, 170961, 170961, 0.7784589529037476, -40.46984100341797
483, 96.3058767914772, 2, 21.23529423600121, 158, 171119, 171119, 0.7521548271179199, -40.3775634765625
484, 224.87854643166065, 4, 50.03522567500113, 378, 171497, 171497, 0.7115108966827393, -40.386619567871094
485, 236.00604939460754, 4, 49.62061164199986, 375, 171872, 171872, 0.7337978482246399, -40.55134582519531
486, 236.14347195625305, 4, 49.718676378000964, 376, 172248, 172248, 0.7051079273223877, -40.57535934448242
487, 59.127740144729614, 2, 13.433300706001319, 99, 172347, 172347, 0.7178011536598206, -40.409019470214844
488, 243.7974920719862, 4, 49.79586670900244, 376, 172723, 172723, 0.691387414932251, -40.78487777709961
489, 235.32691150903702, 4, 49.78245513100046, 375, 173098, 173098, 0.6999977231025696, -40.73008346557617
490, 18.414168998599052, 2, 5.629293176996725, 39, 173137, 173137, 0.7381573915481567, -40.74087905883789
491, 188.62629216909409, 2, 40.36889689999953, 304, 173441, 173441, 0.7565778493881226, -40.8514289855957
492, 231.4960154592991, 4, 49.82889184399755, 377, 173818, 173818, 0.7454567551612854, -40.918846130371094
493, 261.7263444662094, 4, 49.72436238500086, 377, 174195, 174195, 0.7619802951812744, -40.753238677978516
494, 247.0136113911867, 4, 49.61596266200286, 376, 174571, 174571, 0.6931009292602539, -40.924068450927734
495, 233.75247731804848, 4, 49.71345852000013, 376, 174947, 174947, 0.6925996541976929, -40.93344497680664
496, 219.35638678073883, 4, 49.7380306390005, 376, 175323, 175323, 0.7231231331825256, -41.223026275634766
497, 229.82995915412903, 4, 49.61968636399979, 375, 175698, 175698, 0.7883349657058716, -41.00730895996094
498, 241.90767666697502, 4, 49.79841165200196, 376, 176074, 176074, 0.7529693245887756, -41.14299011230469
499, 228.59131054580212, 4, 49.63246053700277, 374, 176448, 176448, 0.7376019358634949, -41.22568130493164
500, 219.3222984224558, 4, 49.68452243700085, 375, 176823, 176823, 0.7100434303283691, -41.13459396362305
501, 228.28177985548973, 4, 49.732956570998795, 376, 177199, 177199, 0.7022355794906616, -41.30099868774414
502, 229.35673390328884, 4, 49.621417487000144, 376, 177575, 177575, 0.7447353005409241, -41.30265808105469
503, 211.8065219372511, 4, 49.63765956200223, 374, 177949, 177949, 0.7316941022872925, -41.434425354003906
504, 230.6586872190237, 4, 49.70934801900148, 375, 178324, 178324, 0.766963541507721, -41.49717330932617
505, 237.13353224098682, 4, 49.75420851600211, 376, 178700, 178700, 0.7490780353546143, -41.515316009521484
506, 224.02816258370876, 4, 49.70036751299995, 374, 179074, 179074, 0.7130805850028992, -41.47541427612305
507, 220.46607871353626, 4, 49.72890541400193, 375, 179449, 179449, 0.7219363451004028, -41.586795806884766
508, 113.48043099045753, 2, 23.549035003001336, 176, 179625, 179625, 0.7244325876235962, -41.54581069946289
509, 224.629834279418, 4, 49.73224580800161, 376, 180001, 180001, 0.7361850142478943, -41.6750602722168
510, 232.38740713894367, 4, 49.582689096998365, 374, 180375, 180375, 0.7441411018371582, -41.72639465332031
511, 235.12437537312508, 4, 49.79413496599955, 376, 180751, 180751, 0.7377729415893555, -41.71430969238281
512, 237.70670948922634, 4, 49.634716569999, 375, 181126, 181126, 0.7281983494758606, -41.759613037109375
513, 226.16825649142265, 4, 49.71609876299772, 376, 181502, 181502, 0.7718110680580139, -41.815311431884766
514, 246.50147005915642, 4, 49.786123844998656, 377, 181879, 181879, 0.7260034680366516, -41.776702880859375
515, 230.26479360461235, 4, 49.680089186997066, 376, 182255, 182255, 0.7427469491958618, -41.94919967651367
516, 209.5211000740528, 4, 49.591629382000974, 374, 182629, 182629, 0.7403862476348877, -41.91272735595703
517, 233.92327092587948, 4, 49.70795301800172, 375, 183004, 183004, 0.7435568571090698, -41.97490692138672
518, 242.72508335113525, 4, 49.70103863799886, 375, 183379, 183379, 0.7604606747627258, -42.11354064941406
519, 233.06164573132992, 4, 49.66023232099906, 374, 183753, 183753, 0.7189536690711975, -42.1932258605957
520, 234.45921875536442, 4, 49.70576452199748, 375, 184128, 184128, 0.7324630618095398, -42.18389892578125
521, 219.73809318244457, 4, 49.76402037099979, 376, 184504, 184504, 0.7573407888412476, -42.201290130615234
522, 232.11434756219387, 4, 49.736697159998585, 376, 184880, 184880, 0.7732455730438232, -42.34941101074219
523, 15.541369169950485, 2, 5.077032463002979, 35, 184915, 184915, 0.8824596405029297, -42.41917419433594
524, 255.2402907013893, 4, 50.11642297100116, 379, 185294, 185294, 0.7599572539329529, -42.36445999145508
525, 235.00699320435524, 4, 49.686506426998676, 375, 185669, 185669, 0.7324552536010742, -42.50410079956055
526, 232.54242172837257, 4, 49.69563878500048, 373, 186042, 186042, 0.7177824974060059, -42.389522552490234
527, 229.51610082387924, 4, 49.77713220000078, 376, 186418, 186418, 0.7673833966255188, -42.51939392089844
528, 234.2215171009302, 4, 49.62694457100224, 375, 186793, 186793, 0.7243008613586426, -42.56773376464844
529, 236.0647970288992, 4, 49.6989175000017, 374, 187167, 187167, 0.7377603054046631, -42.573951721191406
530, 238.53966023027897, 4, 49.712948551998124, 374, 187541, 187541, 0.7631112933158875, -42.600765228271484
531, 236.52102759480476, 4, 49.762545265999506, 375, 187916, 187916, 0.770028293132782, -42.637847900390625
532, 222.9158196002245, 4, 49.65217241400023, 375, 188291, 188291, 0.7384403347969055, -42.73805618286133
533, 227.39085225760937, 4, 49.62862610499724, 374, 188665, 188665, 0.7398020029067993, -42.85663604736328
534, 239.4144887626171, 4, 49.81246300100247, 375, 189040, 189040, 0.7214243412017822, -42.88761901855469
535, 53.243205696344376, 2, 12.958320056000957, 95, 189135, 189135, 0.7098904848098755, -42.619598388671875
536, 257.1631302833557, 4, 50.28188423699976, 379, 189514, 189514, 0.7840745449066162, -42.87628173828125
537, 235.2504756897688, 4, 49.72478490499998, 375, 189889, 189889, 0.7272231578826904, -42.92716979980469
538, 246.52770175039768, 4, 49.65824995300136, 374, 190263, 190263, 0.7582109570503235, -42.8066291809082
539, 232.03342573344707, 4, 49.73485212999731, 375, 190638, 190638, 0.7168998122215271, -42.98732376098633
540, 225.07323043048382, 4, 49.75185444700037, 375, 191013, 191013, 0.7186203002929688, -42.9916877746582
541, 243.02291679382324, 4, 49.713532169000246, 375, 191388, 191388, 0.7358555793762207, -43.17555618286133
542, 231.18086330592632, 4, 49.70089345700035, 375, 191763, 191763, 0.7424576878547668, -43.08808517456055
543, 238.0859337002039, 4, 49.61066006300098, 374, 192137, 192137, 0.7530080080032349, -43.278831481933594
544, 234.25747033953667, 4, 49.77295772399884, 375, 192512, 192512, 0.7689895033836365, -43.19287872314453
545, 233.80933395028114, 4, 49.6047045209998, 375, 192887, 192887, 0.7398836016654968, -43.302032470703125
546, 246.69338810443878, 4, 49.814082802000485, 376, 193263, 193263, 0.7550625205039978, -43.34895324707031
547, 250.78180880844593, 4, 49.67554101699716, 374, 193637, 193637, 0.762657880783081, -43.36466979980469
548, 229.64707489311695, 4, 49.71707756899923, 374, 194011, 194011, 0.7676814198493958, -43.38279342651367
549, 257.34759671986103, 4, 49.58836972399877, 374, 194385, 194385, 0.7671882510185242, -43.335750579833984
550, 243.28192742168903, 4, 49.78507542599982, 376, 194761, 194761, 0.7750526666641235, -43.41353225708008
551, 243.10292018949986, 4, 49.772733437999705, 375, 195136, 195136, 0.7546162009239197, -43.4675178527832
552, 233.32815286517143, 4, 49.64990832100011, 373, 195509, 195509, 0.7480067014694214, -43.48432159423828
553, 232.0119154304266, 4, 49.74775187799969, 375, 195884, 195884, 0.7608569264411926, -43.50224685668945
554, 14.71776631474495, 2, 4.868406949997734, 33, 195917, 195917, 0.7074466943740845, -43.75199890136719
555, 240.50408047437668, 4, 50.44516908500009, 381, 196298, 196298, 0.7835590839385986, -43.56973648071289
556, 233.2714964747429, 4, 49.69116609900084, 374, 196672, 196672, 0.7649456262588501, -43.57686996459961
557, 229.00349067151546, 4, 49.62477755099826, 374, 197046, 197046, 0.7482936382293701, -43.52466583251953
558, 226.41654928028584, 4, 49.71901857299963, 375, 197421, 197421, 0.7225132584571838, -43.77373504638672
559, 240.08019742369652, 4, 49.630297653002344, 374, 197795, 197795, 0.7198038101196289, -43.706024169921875
560, 225.5864661037922, 4, 49.78454319899902, 376, 198171, 198171, 0.8106473684310913, -43.70233154296875
561, 41.00507751107216, 2, 10.646354472002713, 77, 198248, 198248, 0.7688185572624207, -43.95549774169922
562, 235.1841660141945, 4, 49.648689618999924, 374, 198622, 198622, 0.7913356423377991, -43.71499252319336
563, 221.5664752870798, 4, 49.75145856400195, 376, 198998, 198998, 0.772857666015625, -43.77924346923828
564, 225.93944869935513, 4, 49.69695099300225, 374, 199372, 199372, 0.7610986232757568, -43.82088088989258
565, 206.4187442213297, 4, 49.71733928700269, 374, 199746, 199746, 0.733207643032074, -43.906246185302734
566, 232.1876062452793, 4, 49.74682076799945, 375, 200121, 200121, 0.7285704612731934, -43.84977722167969
567, 236.8853416144848, 4, 49.711834437002835, 375, 200496, 200496, 0.7421661615371704, -44.01606369018555
568, 234.50784511864185, 4, 49.636514226000145, 374, 200870, 200870, 0.7837215065956116, -43.977935791015625
569, 230.87472511827946, 4, 49.75310375200206, 375, 201245, 201245, 0.7363122701644897, -44.03144836425781
570, 245.16125306487083, 4, 49.708122816999094, 374, 201619, 201619, 0.755771815776825, -43.99429702758789
571, 222.64650458097458, 4, 49.73455027700038, 375, 201994, 201994, 0.7557889819145203, -44.21401596069336
572, 222.0922087430954, 4, 49.7267166390011, 376, 202370, 202370, 0.7988542318344116, -44.123477935791016
573, 231.8136758506298, 4, 49.720558968998375, 375, 202745, 202745, 0.7433610558509827, -44.06262969970703
574, 226.35653212666512, 4, 49.67222643599962, 374, 203119, 203119, 0.7979055047035217, -44.148521423339844
575, 245.29773579537868, 4, 49.70911987499858, 374, 203493, 203493, 0.7472950220108032, -44.17071533203125
576, 236.1064823269844, 4, 49.72699764999925, 374, 203867, 203867, 0.7051120400428772, -44.21932601928711
577, 230.54894070327282, 4, 49.84042410999973, 374, 204241, 204241, 0.7622605562210083, -44.20524978637695
578, 243.146041020751, 4, 49.740396779998264, 374, 204615, 204615, 0.6986028552055359, -44.30283737182617
579, 242.4832488000393, 4, 49.705618952000805, 375, 204990, 204990, 0.7418176531791687, -44.405242919921875
580, 246.5642282217741, 4, 49.610580726999615, 373, 205363, 205363, 0.7707977890968323, -44.34158706665039
581, 233.7208010405302, 4, 49.79796499499935, 376, 205739, 205739, 0.763188362121582, -44.394775390625
582, 212.4114859700203, 4, 49.68047020499944, 374, 206113, 206113, 0.7334195971488953, -44.478004455566406
583, 248.71786603331566, 4, 49.745767094002076, 374, 206487, 206487, 0.7602835297584534, -44.61758041381836
584, 225.94057439267635, 4, 49.706407371999376, 373, 206860, 206860, 0.7143799066543579, -44.596900939941406
585, 220.96160826086998, 4, 49.70703923600013, 373, 207233, 207233, 0.7408592104911804, -44.676536560058594
586, 235.65987050533295, 4, 49.774483189998136, 375, 207608, 207608, 0.7486619353294373, -44.559181213378906
587, 237.38754883408546, 4, 49.7864987920002, 375, 207983, 207983, 0.7399700284004211, -44.66160583496094
588, 230.99572877585888, 4, 49.64263946099891, 374, 208357, 208357, 0.7386744022369385, -44.74354553222656
589, 243.20952840149403, 4, 49.691528351999295, 374, 208731, 208731, 0.7213963866233826, -44.80430603027344
590, 238.6335912644863, 4, 49.75883706199966, 375, 209106, 209106, 0.7428229451179504, -44.82240676879883
591, 219.33165174722672, 4, 49.758805754001514, 375, 209481, 209481, 0.7423740029335022, -44.80450439453125
592, 235.46473863720894, 4, 49.69102693499735, 374, 209855, 209855, 0.7548443078994751, -44.767818450927734
593, 225.992275968194, 4, 49.844822491999366, 375, 210230, 210230, 0.7380369305610657, -44.844444274902344
594, 207.88247476518154, 4, 49.75055169799816, 374, 210604, 210604, 0.7053041458129883, -44.886112213134766
595, 231.4695670157671, 4, 49.718460398999014, 375, 210979, 210979, 0.7451720237731934, -44.978111267089844
596, 241.75953671336174, 4, 49.701738501000364, 374, 211353, 211353, 0.7372511029243469, -44.96930694580078
597, 231.4113812148571, 4, 49.79041692800092, 375, 211728, 211728, 0.7724885940551758, -44.914588928222656
598, 240.88729232549667, 4, 49.80208286300331, 375, 212103, 212103, 0.7304564714431763, -45.104530334472656
599, 227.14455066621304, 4, 49.72621047299981, 374, 212477, 212477, 0.7140226364135742, -45.10801315307617
600, 236.62217780947685, 4, 49.71821589799947, 373, 212850, 212850, 0.7332932353019714, -45.136817932128906
601, 226.11563189327717, 4, 49.680509321999125, 375, 213225, 213225, 0.754974365234375, -45.288089752197266
602, 236.96435175836086, 4, 49.75410394800201, 375, 213600, 213600, 0.7492190003395081, -45.2249641418457
603, 211.58595867455006, 4, 49.81063324299976, 374, 213974, 213974, 0.7394689321517944, -45.312347412109375
604, 231.70786355435848, 4, 49.72997410499738, 374, 214348, 214348, 0.7424615025520325, -45.28756332397461
605, 206.26892840862274, 4, 49.83442590499908, 374, 214722, 214722, 0.7369400858879089, -45.35481262207031
606, 228.2777683287859, 4, 49.797124882999924, 375, 215097, 215097, 0.7238820791244507, -45.4645881652832
607, 217.46849820017815, 4, 49.83320178500071, 374, 215471, 215471, 0.7199594378471375, -45.33464813232422
608, 233.03604525327682, 4, 49.752237682998384, 373, 215844, 215844, 0.7549546360969543, -45.385746002197266
609, 235.1514271646738, 4, 49.74739070199939, 374, 216218, 216218, 0.7208338975906372, -45.44672393798828
610, 229.19378408789635, 4, 49.743986858000426, 374, 216592, 216592, 0.7699376940727234, -45.53281784057617
611, 232.17710207402706, 4, 49.71191167000143, 375, 216967, 216967, 0.730385959148407, -45.5361442565918
612, 225.96915048360825, 4, 49.633439843000815, 374, 217341, 217341, 0.7594864964485168, -45.54275894165039
613, 229.24068269133568, 4, 49.85465502599982, 375, 217716, 217716, 0.7530762553215027, -45.698909759521484
614, 223.84800551831722, 4, 49.66402626800118, 374, 218090, 218090, 0.6808958053588867, -45.670047760009766
615, 137.60726165771484, 2, 30.769833995997033, 230, 218320, 218320, 0.7218286991119385, -45.61597442626953
616, 7.923683136701584, 2, 4.444987039001717, 30, 218350, 218350, 0.8415611386299133, -45.563053131103516
617, 1.9811008724936983, 2, 4.491269350000948, 30, 218380, 218380, 0.6806853413581848, -45.892520904541016
618, 213.61397380754352, 4, 49.79746559399791, 374, 218754, 218754, 0.716349720954895, -45.75403594970703
619, 231.71292228996754, 4, 49.78811160400073, 374, 219128, 219128, 0.729917049407959, -45.73898696899414
620, 234.72206638753414, 4, 49.69152506500541, 373, 219501, 219501, 0.7497872710227966, -45.71358871459961
621, 233.96065582334995, 4, 49.800645749994146, 374, 219875, 219875, 0.7217930555343628, -45.785804748535156
622, 211.26704761385918, 4, 49.70260979100567, 374, 220249, 220249, 0.7143353819847107, -45.763023376464844
623, 230.62217244505882, 4, 49.82998270299868, 375, 220624, 220624, 0.7053215503692627, -45.72747039794922
624, 234.8720114082098, 4, 49.655946434002544, 372, 220996, 220996, 0.7250322103500366, -45.81025695800781
625, 203.32483588159084, 4, 49.68378535300144, 373, 221369, 221369, 0.6844688653945923, -45.845237731933594
626, 205.74054147303104, 4, 49.8386832019969, 374, 221743, 221743, 0.7462052702903748, -45.86595916748047
627, 213.45475214719772, 4, 49.773381402003, 374, 222117, 222117, 0.7498446106910706, -45.90201950073242
628, 213.28158336877823, 4, 49.81905826900038, 374, 222491, 222491, 0.7356228232383728, -45.8852424621582
629, 213.8063799738884, 4, 49.77188391499658, 375, 222866, 222866, 0.7822331786155701, -46.02852249145508
630, 213.11662274599075, 4, 49.665583697998954, 374, 223240, 223240, 0.7381227612495422, -46.0455322265625
631, 212.505928337574, 4, 49.59658482899977, 373, 223613, 223613, 0.7203208804130554, -46.15690994262695
632, 212.47760272026062, 4, 49.78272694900079, 373, 223986, 223986, 0.6973221898078918, -46.11906814575195
633, 212.59992444515228, 4, 49.65049831899523, 373, 224359, 224359, 0.7608541250228882, -46.192527770996094
634, 212.45399391651154, 4, 49.69780673400237, 373, 224732, 224732, 0.7605453133583069, -46.10466384887695
635, 213.14354920387268, 4, 49.77999860000273, 374, 225106, 225106, 0.7718545198440552, -46.17462158203125
636, 213.09979927539825, 4, 49.75725033100025, 374, 225480, 225480, 0.7004427909851074, -46.23070526123047
637, 212.9618377685547, 4, 49.67072471699794, 374, 225854, 225854, 0.7159723043441772, -46.20656204223633
638, 213.09847444295883, 4, 49.727016639000794, 374, 226228, 226228, 0.7197420597076416, -46.2962646484375
639, 211.93894797563553, 4, 49.673888970995904, 372, 226600, 226600, 0.7661134600639343, -46.26188278198242
640, 211.96148079633713, 4, 49.62069554999471, 372, 226972, 226972, 0.6966788172721863, -46.38788604736328
641, 212.57130855321884, 4, 49.665784128003, 373, 227345, 227345, 0.7443022131919861, -46.385047912597656
642, 213.16786217689514, 4, 49.73312567600078, 374, 227719, 227719, 0.7144379615783691, -46.45389175415039
643, 213.0275547504425, 4, 49.69352724299824, 374, 228093, 228093, 0.762395441532135, -46.367740631103516
644, 212.6215626001358, 4, 49.70162614999572, 373, 228466, 228466, 0.7126894593238831, -46.45673370361328
645, 213.30939722061157, 4, 49.78450935999717, 374, 228840, 228840, 0.7522974610328674, -46.51553726196289
646, 212.5809609889984, 4, 49.73098100900097, 373, 229213, 229213, 0.7075735926628113, -46.45375442504883
647, 212.4790319800377, 4, 49.656610122998245, 373, 229586, 229586, 0.7663602828979492, -46.5241584777832
648, 212.46780943870544, 4, 49.690095320002, 373, 229959, 229959, 0.7325772643089294, -46.54069137573242
649, 211.47033041715622, 4, 49.71224983799766, 371, 230330, 230330, 0.721805214881897, -46.53852081298828
650, 212.3393949866295, 4, 49.65042766799888, 373, 230703, 230703, 0.6828226447105408, -46.59581756591797
651, 212.60589635372162, 4, 49.7245785099949, 373, 231076, 231076, 0.729482114315033, -46.56785583496094
652, 212.56584763526917, 4, 49.74703465800121, 373, 231449, 231449, 0.725253701210022, -46.43155288696289
653, 212.98143005371094, 4, 49.686035833998176, 374, 231823, 231823, 0.7271535396575928, -46.659637451171875
654, 213.6398440003395, 4, 49.80214002700086, 375, 232198, 232198, 0.7011135816574097, -46.59022521972656
655, 213.06108409166336, 4, 49.74773545199423, 374, 232572, 232572, 0.6719052195549011, -46.667869567871094
656, 212.59142339229584, 4, 49.67109064699616, 373, 232945, 232945, 0.6701109409332275, -46.64870071411133
657, 212.5120677947998, 4, 49.602820440995856, 373, 233318, 233318, 0.7601516246795654, -46.66617965698242
658, 212.99998676776886, 4, 49.79399106500205, 374, 233692, 233692, 0.7340999245643616, -46.678253173828125
659, 212.02873504161835, 4, 49.62967607600149, 372, 234064, 234064, 0.7221004366874695, -46.723690032958984
660, 213.15668469667435, 4, 49.815553381995414, 374, 234438, 234438, 0.7068156003952026, -46.67682647705078
661, 212.53096097707748, 4, 49.67734980699606, 373, 234811, 234811, 0.684848964214325, -46.78428649902344
662, 213.51837438344955, 4, 49.76075460299762, 375, 235186, 235186, 0.693575382232666, -46.84434509277344
663, 212.64997506141663, 4, 49.67037260100187, 373, 235559, 235559, 0.7181291580200195, -46.80247116088867
664, 212.43021535873413, 4, 49.73731665600644, 373, 235932, 235932, 0.7138134241104126, -46.79689025878906
665, 212.05429261922836, 4, 49.608882499000174, 372, 236304, 236304, 0.7009791135787964, -46.8818359375
666, 213.17635798454285, 4, 49.746982226999535, 374, 236678, 236678, 0.7064816355705261, -46.81510925292969
667, 213.19640094041824, 4, 49.853918843997235, 374, 237052, 237052, 0.7274220585823059, -46.7883415222168
668, 211.88831222057343, 4, 49.69805377799639, 372, 237424, 237424, 0.6886193752288818, -46.774410247802734
669, 212.57410770654678, 4, 49.63584897299734, 373, 237797, 237797, 0.6870428323745728, -46.871639251708984
670, 212.9967895746231, 4, 49.784330137001234, 374, 238171, 238171, 0.717924952507019, -46.73772430419922
671, 211.9036067724228, 4, 49.58508308000455, 372, 238543, 238543, 0.7497656941413879, -46.805973052978516
672, 211.99273443222046, 4, 49.73933159000444, 372, 238915, 238915, 0.7146404385566711, -46.801063537597656
673, 20.665024131536484, 2, 5.6571104069953435, 39, 238954, 238954, 0.7802170515060425, -46.69652557373047
674, 18.29264771938324, 2, 5.113911921005638, 35, 238989, 238989, 0.7031022906303406, -46.92802047729492
675, 22.337722420692444, 5, 6.075482658998226, 40, 239029, 239029, 0.7280890941619873, -46.49982452392578
676, 21.240390062332153, 5, 5.4507371750005404, 37, 239066, 239066, 0.6255184412002563, -46.585418701171875
677, 108.56168229877949, 4, 50.25711872299871, 374, 239440, 239440, 0.7110341787338257, -46.74079132080078
678, 228.1528337597847, 4, 49.805191655999806, 373, 239813, 239813, 0.7088891267776489, -46.67426681518555
679, 224.50212267041206, 4, 49.7755447419986, 373, 240186, 240186, 0.7214801907539368, -46.804466247558594
680, 218.80883997678757, 4, 49.784431697997206, 373, 240559, 240559, 0.7097159624099731, -46.906829833984375
681, 223.9850497841835, 4, 49.752471202999004, 374, 240933, 240933, 0.6953732967376709, -46.771175384521484
682, 54.66385696828365, 2, 13.309314659003576, 97, 241030, 241030, 0.65943843126297, -46.99995422363281
683, 229.49418357014656, 4, 50.02544100999512, 374, 241404, 241404, 0.7298367023468018, -46.95030975341797
684, 210.15480835735798, 4, 49.75746143899596, 372, 241776, 241776, 0.7457349896430969, -46.914066314697266
685, 224.38986352086067, 4, 49.74820319700666, 370, 242146, 242146, 0.6833056807518005, -46.88845443725586
686, 222.64969907701015, 4, 49.90149573900271, 371, 242517, 242517, 0.7019274830818176, -47.12860107421875
687, 238.70530983805656, 4, 49.81701924999652, 370, 242887, 242887, 0.6341772079467773, -46.98474884033203
688, 219.30095341801643, 4, 49.95458505900024, 372, 243259, 243259, 0.6964858770370483, -47.03852844238281
689, 233.34782433509827, 4, 49.799532131997694, 370, 243629, 243629, 0.677313506603241, -47.018524169921875
690, 211.73102819919586, 4, 49.80473980100214, 371, 244000, 244000, 0.7107715606689453, -46.95014572143555
691, 129.31834492087364, 2, 29.113257415003318, 217, 244217, 244217, 0.7450793385505676, -46.956058502197266
692, 7.19774504005909, 2, 4.433770613999513, 30, 244247, 244247, 0.6928328275680542, -47.30379867553711
693, 224.0902180224657, 4, 50.423400078994746, 378, 244625, 244625, 0.7062369585037231, -47.144535064697266
694, 229.45385909080505, 4, 49.77728470699367, 372, 244997, 244997, 0.7219257950782776, -47.21257019042969
695, 168.06406247615814, 2, 31.277181725003175, 233, 245230, 245230, 0.6544052362442017, -47.0521354675293
696, 235.9595074057579, 4, 50.13280897500226, 375, 245605, 245605, 0.7319939732551575, -47.12548828125
697, 212.26002910733223, 4, 49.823026676000154, 373, 245978, 245978, 0.7208635807037354, -47.23517990112305
698, 235.55717296898365, 4, 49.79442467599438, 372, 246350, 246350, 0.7440390586853027, -47.07830810546875
699, 233.67900277674198, 4, 49.71872634399915, 373, 246723, 246723, 0.7269799113273621, -46.96293640136719
700, 213.75099436938763, 4, 50.07616927700292, 372, 247095, 247095, 0.6672185063362122, -47.13309097290039
701, 226.5217040926218, 4, 49.890470245998586, 371, 247466, 247466, 0.6850691437721252, -47.150638580322266
702, 211.17104810476303, 4, 49.88338046200079, 370, 247836, 247836, 0.7082924246788025, -47.04463577270508
703, 226.10870352387428, 4, 49.79458322899882, 369, 248205, 248205, 0.7332212924957275, -47.284542083740234
704, 225.40704841911793, 4, 49.81771134900191, 369, 248574, 248574, 0.7083509564399719, -47.251949310302734
705, 241.1338026970625, 4, 49.82026081599906, 370, 248944, 248944, 0.6856781244277954, -47.254302978515625
706, 206.04538840055466, 4, 49.91519064300519, 370, 249314, 249314, 0.7344062328338623, -47.369598388671875
707, 215.4915309548378, 4, 50.10093896499893, 372, 249686, 249686, 0.7426427006721497, -47.16795349121094
708, 218.344947129488, 4, 49.84735107400047, 369, 250055, 250055, 0.7045953869819641, -47.24394607543945
709, 218.17543353140354, 4, 49.81634042500082, 369, 250424, 250424, 0.7381256222724915, -47.2890625
710, 133.20710648596287, 2, 31.958716136003204, 236, 250660, 250660, 0.6868828535079956, -47.30089569091797
711, 7.574901055544615, 2, 4.476390891999472, 30, 250690, 250690, 0.7000192999839783, -47.55175018310547
712, 209.99288862617686, 4, 49.67312591900554, 370, 251060, 251060, 0.745938777923584, -47.41099548339844
713, 218.5508883446455, 4, 49.76771684499545, 370, 251430, 251430, 0.755974292755127, -47.39701843261719
714, 212.24291768670082, 4, 49.841661783000745, 371, 251801, 251801, 0.7410008311271667, -47.29446029663086
715, 156.50572860240936, 2, 37.01184999100224, 275, 252076, 252076, 0.7359262704849243, -47.37055969238281
