episode, reward, success, duration, steps, total_steps, memory length, avg_critic_loss, avg_actor_loss
1, 121.17774382815696, 2, 18.50184168600026, 166, 15033, 15033, 2.6416854858398438, -6.368002414703369
2, -37.01665415242314, 4, 49.70408508000037, 451, 15484, 15484, 2.6427485942840576, -6.566378116607666
3, -16.42815851420164, 5, 3.791447650000009, 30, 15514, 15514, 2.8712782859802246, -6.580663681030273
4, -21.069330278784037, 5, 3.769611031999375, 30, 15544, 15544, 2.5695700645446777, -6.567672252655029
5, -23.0888803973794, 5, 3.792050527000356, 30, 15574, 15574, 2.794316053390503, -6.322727680206299
6, -23.629840534180403, 5, 3.7757444069993653, 30, 15604, 15604, 2.713345527648926, -6.180638313293457
7, -21.197094671428204, 5, 3.7751161980004326, 30, 15634, 15634, 2.6414272785186768, -6.423480033874512
8, -14.900407586246729, 5, 3.7816184330004035, 30, 15664, 15664, 2.644242286682129, -6.565171241760254
9, -23.76259634271264, 5, 3.7870184659996085, 30, 15694, 15694, 3.0428335666656494, -6.340920925140381
10, -20.40396698564291, 5, 3.7644001660000868, 30, 15724, 15724, 2.815516710281372, -5.9616193771362305
11, -18.876987781375647, 5, 3.775512694000099, 30, 15754, 15754, 2.991905689239502, -6.042937755584717
12, -28.846280831843615, 4, 50.18742645099974, 455, 16209, 16209, 2.855013132095337, -6.140993595123291
13, 3.1090165488421917, 2, 39.50671705500008, 358, 16567, 16567, 2.722862958908081, -6.249899864196777
14, -16.5017066039145, 5, 3.7828351799998927, 30, 16597, 16597, 2.840834856033325, -5.635072231292725
15, -21.42646098136902, 5, 3.7770249529994544, 30, 16627, 16627, 2.9000327587127686, -6.329782962799072
16, -20.796325732022524, 5, 3.7850492709994796, 30, 16657, 16657, 2.6856377124786377, -6.018918991088867
17, 12.861161891371012, 4, 49.76949520299968, 451, 17108, 17108, 2.720252752304077, -5.631299018859863
18, -18.81735010072589, 5, 3.77443139999923, 30, 17138, 17138, 2.693467855453491, -5.510897636413574
19, -15.838905796408653, 5, 3.7821344929998304, 30, 17168, 17168, 2.7380623817443848, -5.816511631011963
20, 9.283671274781227, 4, 50.12195289099964, 454, 17622, 17622, 2.7164978981018066, -5.332596302032471
21, -21.230326116085052, 5, 3.799683267000546, 30, 17652, 17652, 2.6344926357269287, -5.732564449310303
22, -23.244798459112644, 5, 3.7740182739999, 30, 17682, 17682, 2.558340549468994, -4.981574535369873
23, 13.780239019542933, 4, 49.950168033999944, 453, 18135, 18135, 2.5763375759124756, -5.007307052612305
24, -21.522734723985195, 5, 3.78015286200025, 30, 18165, 18165, 2.340381145477295, -4.775424480438232
25, -21.53753711655736, 5, 3.7861868090003554, 30, 18195, 18195, 2.659491539001465, -4.687414169311523
26, -18.537665158510208, 5, 3.783448940999733, 30, 18225, 18225, 2.5218160152435303, -4.685221195220947
27, -0.19107138738036156, 4, 49.84721921000073, 452, 18677, 18677, 2.579566717147827, -4.474477767944336
28, -20.80271426588297, 5, 3.788624241999969, 30, 18707, 18707, 2.39656662940979, -4.353867530822754
29, -17.338830333203077, 5, 3.781096902000172, 30, 18737, 18737, 2.47641658782959, -4.5669846534729
30, -22.522544115781784, 5, 3.791826313000456, 30, 18767, 18767, 2.493497371673584, -4.62738561630249
31, -20.773833639919758, 5, 3.7868540979998215, 30, 18797, 18797, 2.7970173358917236, -4.560808181762695
32, -18.177843429148197, 5, 3.785127368000758, 30, 18827, 18827, 2.600180149078369, -4.183808326721191
33, -24.463500376790762, 5, 3.782946539000477, 30, 18857, 18857, 2.7283029556274414, -4.159776210784912
34, -17.987170070409775, 5, 3.7830730650002806, 30, 18887, 18887, 2.594994306564331, -4.18013858795166
35, -20.702944211661816, 5, 3.791199033000339, 30, 18917, 18917, 2.5194804668426514, -4.1321868896484375
36, -17.13379841670394, 5, 3.777496811000674, 30, 18947, 18947, 2.4177045822143555, -3.9901609420776367
37, -24.193145360797644, 5, 3.7906774789998963, 30, 18977, 18977, 2.7773866653442383, -4.580787658691406
38, -19.907583363354206, 5, 3.7836983460001647, 30, 19007, 19007, 2.5281271934509277, -4.494324207305908
39, -29.940850984305143, 4, 49.628687807999995, 450, 19457, 19457, 2.519681692123413, -4.101669788360596
40, -19.804236494004726, 5, 3.788604745000157, 30, 19487, 19487, 2.4620754718780518, -3.654860258102417
41, -17.701759610325098, 5, 3.772850321999613, 30, 19517, 19517, 2.396254539489746, -3.8910090923309326
42, -21.148756705224514, 5, 3.778635440000471, 30, 19547, 19547, 2.5637824535369873, -3.8227431774139404
43, -4.817003209143877, 2, 17.783421617000386, 158, 19705, 19705, 2.4381136894226074, -3.8945977687835693
44, -20.326997131109238, 5, 3.7749903479998466, 30, 19735, 19735, 2.2784931659698486, -3.4665768146514893
45, -16.758280403912067, 5, 3.7730662620006115, 30, 19765, 19765, 2.505626916885376, -3.7668235301971436
46, -22.950185861438513, 5, 3.796078732000751, 30, 19795, 19795, 2.2883763313293457, -4.073138236999512
47, 5.298408579081297, 4, 49.697798434000106, 450, 20245, 20245, 2.3579699993133545, -3.3576714992523193
48, -22.520189195871353, 5, 3.8121006720002697, 30, 20275, 20275, 2.1349937915802, -3.421511650085449
49, -16.695704199373722, 5, 3.7779692030007936, 30, 20305, 20305, 2.186577796936035, -3.3204691410064697
50, -21.63620064407587, 5, 3.8035197549997974, 30, 20335, 20335, 2.271077871322632, -3.4211628437042236
51, -22.69819924235344, 5, 3.7813790770005653, 30, 20365, 20365, 2.3149054050445557, -2.956695318222046
52, -15.02183547616005, 2, 48.09081552299995, 436, 20801, 20801, 2.1637470722198486, -3.0786280632019043
53, -36.76223311573267, 4, 49.902132071999404, 452, 21253, 21253, 2.082979440689087, -2.8347365856170654
54, -17.3243290707469, 5, 3.773733140999866, 30, 21283, 21283, 1.9961458444595337, -1.9019112586975098
55, -18.860862351953983, 5, 3.7676894320002248, 30, 21313, 21313, 2.0160129070281982, -2.5805060863494873
56, -20.811262857168913, 5, 3.794976016999499, 30, 21343, 21343, 2.1127493381500244, -2.602381706237793
57, -18.041714072227478, 5, 3.7868678419999924, 30, 21373, 21373, 1.8983677625656128, -1.8127790689468384
58, -17.21357011422515, 5, 3.782396661999883, 30, 21403, 21403, 2.141958713531494, -2.59580397605896
59, -16.354614909738302, 5, 3.7781701809999504, 30, 21433, 21433, 1.8705289363861084, -2.18261456489563
60, -20.12467947602272, 5, 3.77428036999936, 30, 21463, 21463, 2.0271241664886475, -2.1840720176696777
61, -14.969813168048859, 5, 3.792181676000837, 30, 21493, 21493, 2.1935372352600098, -2.3464322090148926
62, -21.847279027104378, 5, 3.782768129000033, 30, 21523, 21523, 2.080127000808716, -2.171363592147827
63, -24.233514852821827, 5, 3.780333411000356, 30, 21553, 21553, 1.971777081489563, -2.3372652530670166
64, -18.111049871891737, 5, 3.7882320879998588, 30, 21583, 21583, 2.0568556785583496, -3.197740316390991
65, -24.522660207003355, 5, 3.7710517499999696, 30, 21613, 21613, 2.175502300262451, -3.0632050037384033
66, -37.72244990617037, 4, 49.36908956800016, 447, 22060, 22060, 1.925850510597229, -2.3113019466400146
67, -21.852010414004326, 5, 3.776582340999994, 30, 22090, 22090, 1.9397175312042236, -1.6093469858169556
68, -18.378397714346647, 5, 3.7886684140003126, 30, 22120, 22120, 1.947001576423645, -1.90090012550354
69, -24.59733707457781, 5, 3.7852757999999085, 30, 22150, 22150, 1.650923252105713, -1.5700377225875854
70, -17.94823282957077, 5, 3.792054315000314, 30, 22180, 22180, 1.8351855278015137, -1.6948264837265015
71, -24.38341460004449, 5, 3.7972522770005526, 30, 22210, 22210, 1.934576392173767, -2.250697374343872
72, -15.089817274361849, 5, 3.7961029809994216, 30, 22240, 22240, 1.8456991910934448, -2.153748035430908
73, -24.427226938307285, 5, 3.7902300160003506, 30, 22270, 22270, 2.0433413982391357, -1.873255968093872
74, -24.814540922641754, 5, 3.792706823000117, 30, 22300, 22300, 1.955068588256836, -1.8968812227249146
75, -21.277294747531414, 5, 3.7737480939995294, 30, 22330, 22330, 1.8209757804870605, -1.5087405443191528
76, -17.503859020769596, 5, 3.7887080079999578, 30, 22360, 22360, 1.9377644062042236, -2.361636161804199
77, -16.115823544561863, 5, 3.7865044650006894, 30, 22390, 22390, 2.167410373687744, -1.8121459484100342
78, -29.792404709383845, 4, 49.59930858200005, 449, 22839, 22839, 1.835553526878357, -1.516592264175415
79, -17.74284939467907, 5, 3.775864981000268, 30, 22869, 22869, 1.6405214071273804, -1.3920010328292847
80, -20.278550937771797, 5, 3.7900536429997373, 30, 22899, 22899, 1.6451469659805298, -0.9777637720108032
81, -16.662579134106636, 5, 3.771058403999632, 30, 22929, 22929, 1.9945658445358276, -0.9081606268882751
82, -16.817226212471724, 5, 3.793988430999889, 30, 22959, 22959, 1.8629591464996338, -1.5854836702346802
83, -20.56171093136072, 5, 3.797258824999517, 30, 22989, 22989, 1.9150922298431396, -1.1664137840270996
84, -23.91991524770856, 5, 3.7713208010000017, 30, 23019, 23019, 1.936376690864563, -1.6720097064971924
85, -4.096946258097887, 2, 34.73075335700014, 313, 23332, 23332, 1.8626892566680908, -1.1519412994384766
86, -38.04211229085922, 4, 49.84475964500052, 451, 23783, 23783, 1.7820497751235962, -0.9947769045829773
87, 13.201353345066309, 4, 49.6317117969993, 446, 24229, 24229, 1.7502163648605347, -0.9126966595649719
88, -23.703103076666594, 5, 3.8229895160002343, 30, 24259, 24259, 1.6651633977890015, -0.3986416757106781
89, 112.66874944418669, 4, 50.30197531900012, 452, 24711, 24711, 1.7386647462844849, -0.8187678456306458
90, -17.88972206413746, 5, 3.8251121799994507, 30, 24741, 24741, 1.6806895732879639, -0.8409754037857056
91, -17.504941385239363, 5, 3.824973210999815, 30, 24771, 24771, 1.7810066938400269, -0.2337368130683899
92, -17.936511650681496, 5, 3.816610426000807, 30, 24801, 24801, 1.7677745819091797, -0.3117683529853821
93, 122.61699438095093, 4, 49.68928486000004, 447, 25248, 25248, 1.74254310131073, -0.47390878200531006
94, 116.36416135914624, 4, 49.57988997499979, 446, 25694, 25694, 1.6577671766281128, -0.17044268548488617
95, -24.122256659902632, 5, 3.805385787999512, 30, 25724, 25724, 1.8471767902374268, -0.18934990465641022
96, -36.82060408964753, 4, 50.381624664999435, 452, 26176, 26176, 1.6892457008361816, 0.09847570955753326
97, 1.7968932129442692, 4, 49.552778880000005, 446, 26622, 26622, 1.6865496635437012, 0.13917915523052216
98, -35.70257883891463, 4, 49.67083713200009, 446, 27068, 27068, 1.6189372539520264, 0.2276671826839447
99, -29.576743682846427, 4, 49.49809751599969, 445, 27513, 27513, 1.5719091892242432, 0.35740816593170166
100, -18.36012949794531, 5, 3.8055876750004245, 30, 27543, 27543, 1.7060396671295166, 0.159840926527977
101, -3.2700833715498447, 2, 45.76401924000038, 411, 27954, 27954, 1.5881901979446411, 0.3536955416202545
102, -30.814849819988012, 4, 50.20519700800014, 451, 28405, 28405, 1.5874301195144653, 0.6064033508300781
103, -27.09411508962512, 4, 49.54876426099963, 445, 28850, 28850, 1.577834129333496, 0.49623391032218933
104, 11.884444657713175, 2, 17.384522692000246, 153, 29003, 29003, 1.4884074926376343, 0.7842552661895752
105, 1.0483645424246788, 4, 49.79946706299961, 449, 29452, 29452, 1.5024703741073608, 0.7659389972686768
106, -21.62097453325987, 5, 3.793999759000144, 30, 29482, 29482, 1.5776432752609253, 1.0113767385482788
107, -16.035358648747206, 5, 3.7909239460004756, 30, 29512, 29512, 1.489484429359436, 1.071151852607727
108, 12.40422834455967, 4, 50.08393882499968, 450, 29962, 29962, 1.4507498741149902, 0.9923563003540039
109, 1.0275675617158413, 4, 49.58661054699951, 446, 30408, 30408, 1.4535152912139893, 0.9129366874694824
110, -16.992814481258392, 5, 3.8049105720001535, 30, 30438, 30438, 1.4092589616775513, 0.9771093130111694
111, -19.207711532711983, 5, 3.8258307470005093, 30, 30468, 30468, 1.457735300064087, 1.0433909893035889
112, -18.8239838629961, 5, 3.8063189419999617, 30, 30498, 30498, 1.6453628540039062, 0.9146057963371277
113, -16.45126324519515, 5, 3.8054070649995992, 30, 30528, 30528, 1.4111112356185913, 0.6043103337287903
114, -19.129636991769075, 5, 3.8028243469998415, 30, 30558, 30558, 1.4745665788650513, 1.3445079326629639
115, -18.905060797929764, 5, 3.8086226370005534, 30, 30588, 30588, 1.4376318454742432, 1.1417542695999146
116, 14.969780810177326, 4, 49.84223572600058, 448, 31036, 31036, 1.4852063655853271, 0.9573173522949219
117, -23.780365575104952, 5, 3.8049369860000297, 30, 31066, 31066, 1.368914246559143, 1.1058098077774048
118, -21.440433260053396, 5, 3.811242091999702, 30, 31096, 31096, 1.5795996189117432, 0.8100472688674927
119, -17.15153693407774, 5, 3.814461162999578, 30, 31126, 31126, 1.5352317094802856, 0.8608792424201965
120, -16.211587481200695, 5, 3.814452122000148, 30, 31156, 31156, 1.4100886583328247, 0.970486581325531
121, 12.721472058445215, 4, 49.426686605000214, 444, 31600, 31600, 1.5210278034210205, 1.062735915184021
122, -19.211150661110878, 5, 3.7975145279997378, 30, 31630, 31630, 1.6488786935806274, 0.8812018632888794
123, -46.40260310471058, 2, 41.68625936799981, 374, 32004, 32004, 1.443171501159668, 1.114430546760559
124, -8.76513990573585, 2, 38.625522994000676, 347, 32351, 32351, 1.4058045148849487, 1.4950624704360962
125, 7.470803543925285, 4, 50.15908303800006, 453, 32804, 32804, 1.397203803062439, 1.4337495565414429
126, -18.252580668777227, 5, 3.78001156099981, 30, 32834, 32834, 1.4145543575286865, 1.491158366203308
127, -14.249472834169865, 5, 3.802991466000094, 30, 32864, 32864, 1.3176531791687012, 1.1109167337417603
128, -36.07154939323664, 4, 50.09244900199974, 452, 33316, 33316, 1.422279953956604, 1.3680459260940552
129, 4.089491702616215, 4, 49.50969764199999, 447, 33763, 33763, 1.3401890993118286, 1.5718852281570435
130, -17.393673557788134, 5, 3.7905886409998857, 30, 33793, 33793, 1.286490559577942, 1.4507237672805786
131, -16.226413749158382, 5, 3.816144047999842, 30, 33823, 33823, 1.4960532188415527, 1.5789315700531006
132, -20.998189724981785, 5, 3.787930329000119, 30, 33853, 33853, 1.348476767539978, 1.4215588569641113
133, -18.297524321824312, 5, 3.8072584920000736, 30, 33883, 33883, 1.2928009033203125, 1.9925439357757568
134, -16.963594630360603, 5, 3.7883802410005956, 30, 33913, 33913, 1.3045556545257568, 1.8421295881271362
135, -18.118299966678023, 5, 3.7875824109996756, 30, 33943, 33943, 1.311216950416565, 1.7276301383972168
136, -37.12184102833271, 4, 49.900806917999944, 451, 34394, 34394, 1.3277620077133179, 1.8064206838607788
137, -34.66838312521577, 4, 49.60874316099944, 448, 34842, 34842, 1.2965933084487915, 1.9749505519866943
138, -17.954465441405773, 5, 3.7815710189997844, 30, 34872, 34872, 1.2748357057571411, 1.8883070945739746
139, -28.43380941450596, 4, 49.2959001549998, 445, 35317, 35317, 1.297275185585022, 2.066575527191162
140, 13.193545393645763, 4, 49.574703741999656, 448, 35765, 35765, 1.2585115432739258, 2.2113144397735596
141, -16.384448435157537, 5, 3.792996088000109, 30, 35795, 35795, 1.2123404741287231, 1.9506481885910034
142, -20.08399459719658, 5, 3.7987032240007466, 30, 35825, 35825, 1.3095823526382446, 2.0523858070373535
143, -18.221940826624632, 5, 3.789565371000208, 30, 35855, 35855, 1.0998382568359375, 2.193922758102417
144, -36.892825216054916, 4, 49.85557119100031, 446, 36301, 36301, 1.1966627836227417, 2.3070321083068848
145, 7.622918002307415, 4, 49.585878036000395, 445, 36746, 36746, 1.1857845783233643, 2.398329496383667
146, -31.180543400347233, 4, 49.62705638400075, 446, 37192, 37192, 1.1413390636444092, 2.633401870727539
147, 15.705171566456556, 4, 49.52011033499912, 446, 37638, 37638, 1.1185004711151123, 2.6322152614593506
148, -20.51115755736828, 5, 3.7854120479987614, 30, 37668, 37668, 0.9989203214645386, 2.9797465801239014
149, -18.967208966612816, 5, 3.7968876750001073, 30, 37698, 37698, 1.060757040977478, 2.539454460144043
150, -17.436791371554136, 5, 3.785824730999593, 30, 37728, 37728, 1.1330466270446777, 2.4352402687072754
151, -21.349413640797138, 5, 3.7981331540013343, 30, 37758, 37758, 1.092292070388794, 2.449512004852295
152, -17.77931972593069, 5, 3.782039794001321, 30, 37788, 37788, 1.0495392084121704, 2.708622455596924
153, -24.16340445354581, 5, 3.8118156750006165, 30, 37818, 37818, 1.2983590364456177, 2.8078043460845947
154, -35.77904485911131, 4, 50.00494406299913, 452, 38270, 38270, 1.1306712627410889, 2.517559766769409
155, -34.499580800533295, 4, 49.51245685699905, 447, 38717, 38717, 1.1316603422164917, 2.579254150390625
156, -36.589162569493055, 4, 49.59848724400035, 448, 39165, 39165, 1.0712887048721313, 2.8460235595703125
157, -36.09655801206827, 4, 49.64279185199848, 448, 39613, 39613, 1.048558235168457, 2.7941553592681885
158, -17.84559391438961, 5, 3.805106097999669, 30, 39643, 39643, 1.1268283128738403, 3.026970863342285
159, -21.411789387464523, 5, 3.7995749700003216, 30, 39673, 39673, 1.170556902885437, 3.1284470558166504
160, -17.973660498857498, 5, 3.784361893998721, 30, 39703, 39703, 1.0893508195877075, 3.011465549468994
161, -17.91630380600691, 5, 3.7977649130007194, 30, 39733, 39733, 1.0058506727218628, 2.855762481689453
162, 4.525631710886955, 4, 49.42140875699988, 446, 40179, 40179, 1.107336401939392, 2.8435280323028564
163, -23.794333789497614, 5, 3.7878105600011622, 30, 40209, 40209, 1.0303714275360107, 3.2141525745391846
164, 3.4368477016687393, 4, 49.33970110300106, 445, 40654, 40654, 1.0613181591033936, 2.9160029888153076
165, -18.427377682179213, 5, 3.7979658429994743, 30, 40684, 40684, 1.0142130851745605, 2.6986618041992188
166, -27.693236157298088, 4, 49.36364568600038, 445, 41129, 41129, 1.0346590280532837, 3.0242042541503906
167, -21.160827189683914, 5, 3.791078098000071, 30, 41159, 41159, 1.1469630002975464, 3.068478584289551
168, -22.048697844147682, 5, 3.796829519000312, 30, 41189, 41189, 1.0754618644714355, 2.8598599433898926
169, -16.943643931299448, 5, 3.7954632609998953, 30, 41219, 41219, 1.0549607276916504, 2.926429510116577
170, -24.470847591757774, 5, 3.79431543300052, 30, 41249, 41249, 1.208186388015747, 2.5787153244018555
171, 58.661089796572924, 4, 49.50233594800011, 447, 41696, 41696, 1.002299189567566, 3.2060155868530273
172, -20.955995466560125, 5, 3.793090449000374, 30, 41726, 41726, 1.1102386713027954, 3.08651065826416
173, -16.639952532947063, 5, 3.796870043999661, 30, 41756, 41756, 0.9288297891616821, 3.4771358966827393
174, -17.081616837531328, 5, 3.7932002630004718, 30, 41786, 41786, 0.9849115014076233, 3.2041351795196533
175, -37.28446999564767, 4, 49.71728006699959, 449, 42235, 42235, 1.007930874824524, 3.3172922134399414
176, -20.0103799700737, 5, 3.7918468679999933, 30, 42265, 42265, 0.9427907466888428, 3.3609540462493896
177, -16.72009690850973, 5, 3.8004966909993527, 30, 42295, 42295, 0.9027331471443176, 3.10988712310791
178, -15.024543464183807, 5, 3.793272031000015, 30, 42325, 42325, 1.0413174629211426, 3.3393185138702393
179, -35.51232712715864, 4, 49.82026328499887, 449, 42774, 42774, 1.0075054168701172, 3.39870285987854
180, -31.267003681510687, 4, 49.51623739000024, 447, 43221, 43221, 0.9705532193183899, 3.480707883834839
181, 0.5901739560067654, 2, 34.563069145000554, 310, 43531, 43531, 0.9449710845947266, 3.384960174560547
182, -16.720973573625088, 5, 3.8172729309990245, 30, 43561, 43561, 0.9479048252105713, 3.5318734645843506
183, -18.78117597848177, 5, 3.791357269999935, 30, 43591, 43591, 0.850931704044342, 3.652700901031494
184, -24.35175285115838, 5, 3.8010480270004336, 30, 43621, 43621, 1.0598156452178955, 3.5900840759277344
185, -20.059632625430822, 5, 3.8156445439999516, 30, 43651, 43651, 0.9904877543449402, 3.46295166015625
186, -16.982423655688763, 5, 3.8066919989996677, 30, 43681, 43681, 0.970389723777771, 3.714315891265869
187, -24.41729000210762, 5, 3.8033804900005634, 30, 43711, 43711, 0.821384847164154, 3.5649759769439697
188, -20.921351723372936, 5, 3.802353127999595, 30, 43741, 43741, 0.9496970772743225, 3.307321071624756
189, -21.288838669657707, 5, 3.8042850460005866, 30, 43771, 43771, 0.8188358545303345, 3.682377338409424
190, -17.5168794170022, 5, 3.794599095999729, 30, 43801, 43801, 0.9904925227165222, 3.4441702365875244
191, -17.805552788078785, 5, 3.7900221580002835, 30, 43831, 43831, 0.8751202821731567, 3.2896387577056885
192, -21.394246760755777, 5, 3.800290663000851, 30, 43861, 43861, 0.9323270916938782, 3.5147712230682373
193, -21.74031339585781, 5, 3.8272055500001443, 30, 43891, 43891, 1.009990930557251, 3.6719350814819336
194, -17.627669155597687, 5, 3.8061429260014847, 30, 43921, 43921, 0.8584901690483093, 3.449479103088379
195, -20.767190255224705, 5, 3.7999303990000044, 30, 43951, 43951, 0.9964520335197449, 3.451460361480713
196, -20.86918941885233, 5, 3.8018375909996394, 30, 43981, 43981, 1.1647852659225464, 3.1865732669830322
197, -14.451007418334484, 5, 3.7911753979988134, 30, 44011, 44011, 1.0628029108047485, 3.4091386795043945
198, -24.705835334956646, 5, 3.8038584950008953, 30, 44041, 44041, 0.9731948971748352, 3.4647977352142334
199, -21.263278402388096, 5, 3.7861255230000097, 30, 44071, 44071, 1.0858322381973267, 3.391401767730713
200, -20.504596911370754, 5, 3.8034390849988995, 30, 44101, 44101, 0.9966577887535095, 3.748732805252075
201, -33.54899273812771, 4, 50.24566183600109, 453, 44554, 44554, 0.8920914530754089, 3.5741899013519287
202, 12.156332906335592, 4, 49.572717985000054, 447, 45001, 45001, 0.9513773918151855, 3.559666872024536
203, -34.70348885655403, 4, 49.66353779000019, 447, 45448, 45448, 0.9595898985862732, 3.617919921875
204, -21.581554427742958, 5, 3.7988544129984803, 30, 45478, 45478, 0.8131227493286133, 3.8252384662628174
205, -18.813639171421528, 5, 3.820692126000722, 30, 45508, 45508, 0.8713365197181702, 3.8974761962890625
206, -18.502958297729492, 5, 3.806793783998728, 30, 45538, 45538, 0.8559872508049011, 3.6670756340026855
207, -18.719668060541153, 5, 3.793968654999844, 30, 45568, 45568, 1.131723403930664, 3.853365659713745
208, -18.159594230353832, 5, 3.7960105870006373, 30, 45598, 45598, 0.9396172165870667, 3.545368194580078
209, -24.46833973377943, 5, 3.8261581659990043, 30, 45628, 45628, 1.1434227228164673, 3.495816946029663
210, -17.225685972720385, 5, 3.801267865999762, 30, 45658, 45658, 1.019958734512329, 3.7860543727874756
211, -19.819219045341015, 5, 3.796208833999117, 30, 45688, 45688, 1.0184954404830933, 3.4334044456481934
