20260225-110930, ddpg_0, 0, 9, 128, 1000000, 44, 2, 512, 0.99, 0.003, 0.003, 0.1, A, False, False, 3, 4
20260225-111312, ddpg_1, 0, 9, 128, 1000000, 44, 2, 512, 0.99, 0.003, 0.003, 0.1, A, False, False, 3, 4
20260225-111649, ddpg_2, 0, 9, 128, 1000000, 44, 2, 512, 0.99, 0.003, 0.003, 0.1, A, False, False, 3, 4
20260225-112207, ddpg_3, 0, 9, 128, 1000000, 44, 2, 512, 0.99, 0.003, 0.003, 0.1, A, False, False, 3, 4
20260225-112625, ddpg_4, 0, 9, 128, 1000000, 44, 2, 512, 0.99, 0.003, 0.003, 0.1, A, False, False, 3, 4
20260225-112955, ddpg_5, 0, 9, 128, 1000000, 44, 2, 512, 0.99, 0.003, 0.003, 0.1, A, False, False, 3, 4
20260225-122655, ddpg_6, 0, 9, 128, 1000000, 14482, 2, 512, 0.99, 0.003, 0.003, 0.1, A, False, False, 3, 4
20260225-122929, ddpg_7, 0, 9, 128, 1000000, 14482, 2, 512, 0.99, 0.003, 0.003, 0.1, A, False, False, 3, 4
20260225-123233, ddpg_8, 0, 9, 128, 1000000, 14482, 2, 512, 0.99, 0.003, 0.003, 0.1, A, False, False, 3, 4
20260225-123349, ddpg_9, 0, 9, 128, 1000000, 14482, 2, 512, 0.99, 0.003, 0.003, 0.1, A, False, False, 3, 4
20260225-123606, ddpg_10, 0, 9, 128, 1000000, 14482, 2, 512, 0.99, 0.003, 0.003, 0.1, A, False, False, 3, 4
20260225-123821, ddpg_11, 0, 9, 128, 1000000, 14482, 2, 512, 0.99, 0.003, 0.003, 0.1, exploration, False, False, 3, 4
20260225-124129, ddpg_12, 0, 9, 128, 1000000, 14482, 2, 512, 0.99, 0.003, 0.003, 0.1, exploration, False, False, 3, 4
20260225-133421, ddpg_13, 9, 128, 1000000, 14481, 2, 512, 0.99, 0.003, 0.003, 0.1, exploration, False, False, 3, 4, results, 200, 100: 10%, 100: 1.270032117329538
20260225-162235, ddpg_14, 0, 9, 128, 1000000, 14481, 2, 512, 0.99, 0.003, 0.003, 0.1, exploration, False, False, 3, 4
20260225-163001, ddpg_15, 0, 9, 128, 1000000, 14481, 2, 512, 0.99, 0.003, 0.003, 0.1, exploration, False, False, 3, 4
