episode, reward, success, duration, steps, total_steps, memory length, avg_critic_loss, avg_actor_loss
1, 12.550406427122653, 4, 40.182297929000015, 327, 15207, 15207, 0.014016658999025822, -0.3726866841316223
2, 9.886846101260744, 2, 18.6247309510004, 148, 15355, 15355, 0.012961992993950844, -0.3696698248386383
3, -1.9027468827553093, 2, 4.168805285999952, 30, 15385, 15385, 0.011835005134344101, -0.37716835737228394
4, 7.205269048223272, 2, 17.373503980999885, 138, 15523, 15523, 0.015764793381094933, -0.3544873893260956
5, 3.956481944769621, 2, 12.198108676000174, 96, 15619, 15619, 0.013751463033258915, -0.35940781235694885
6, 4.6547009577043355, 2, 11.365361395000036, 89, 15708, 15708, 0.014683487825095654, -0.3751853406429291
7, 6.320155130582862, 2, 16.180343394000374, 127, 15835, 15835, 0.013505103066563606, -0.3793752193450928
8, 3.6669023716822267, 2, 8.712230072999773, 67, 15902, 15902, 0.015366505831480026, -0.36738038063049316
9, -1.073195617995225, 2, 4.170080045999839, 30, 15932, 15932, 0.012851158156991005, -0.3898699879646301
10, -1.0869823994580656, 2, 4.151386782999907, 30, 15962, 15962, 0.013764638453722, -0.39371421933174133
11, -1.4954164022346959, 4, 40.24068889299997, 326, 16288, 16288, 0.013348110020160675, -0.36899951100349426
12, -0.3575128489173949, 2, 4.218837052999788, 30, 16318, 16318, 0.016036566346883774, -0.3982836902141571
13, 3.864130298490636, 2, 10.187250112000129, 79, 16397, 16397, 0.01356544066220522, -0.39058488607406616
14, 1.7921648919582367, 2, 7.747201010000026, 59, 16456, 16456, 0.014882126823067665, -0.3890472650527954
15, -0.6938527056481689, 2, 5.160803115000363, 38, 16494, 16494, 0.01412785705178976, -0.38599416613578796
16, -1.7117690629092976, 2, 4.176509386999896, 30, 16524, 16524, 0.013558036647737026, -0.39441898465156555
17, 1.6404604373965412, 2, 8.380025854999985, 64, 16588, 16588, 0.01430536713451147, -0.38194236159324646
18, 0.6760332940611988, 2, 5.47707833000004, 40, 16628, 16628, 0.014391258358955383, -0.40060296654701233
19, 10.23015907802619, 2, 20.506061806999696, 164, 16792, 16792, 0.015573493205010891, -0.39394786953926086
20, -0.3435416634893045, 2, 14.884937614000137, 118, 16910, 16910, 0.015471345745027065, -0.38863977789878845
21, -0.6801515761762857, 2, 4.128490633999718, 30, 16940, 16940, 0.01493942178785801, -0.3801947832107544
22, -0.9795313210925087, 2, 4.1797367529998155, 30, 16970, 16970, 0.015960266813635826, -0.3982605040073395
23, 3.962374933063984, 2, 11.46036915700006, 89, 17059, 17059, 0.015841716900467873, -0.3845213055610657
24, -0.008727470994926989, 2, 4.681928192999749, 34, 17093, 17093, 0.01527392491698265, -0.403652548789978
25, 3.4666709875455126, 2, 11.672046685000169, 91, 17184, 17184, 0.01583736017346382, -0.39819106459617615
26, -0.09716802928596735, 2, 4.133744768999804, 30, 17214, 17214, 0.018127620220184326, -0.40164631605148315
27, -0.6191927145700902, 2, 4.1706069719998595, 30, 17244, 17244, 0.016406109556555748, -0.3880152106285095
28, 3.545419360860251, 2, 10.505080043999897, 82, 17326, 17326, 0.017716059461236, -0.37457969784736633
29, 0.2600637029390782, 2, 5.48821166200014, 41, 17367, 17367, 0.01675019972026348, -0.38363176584243774
30, -0.92569415923208, 2, 4.165604948000237, 30, 17397, 17397, 0.016233393922448158, -0.39233285188674927
31, 3.2980276421876624, 2, 9.9036785899998, 77, 17474, 17474, 0.01777292974293232, -0.39797836542129517
32, -1.2752748555503786, 2, 4.262406580000061, 30, 17504, 17504, 0.015800712630152702, -0.38387447595596313
33, 2.8611845205305144, 2, 10.157201804000124, 79, 17583, 17583, 0.015869908034801483, -0.40455812215805054
34, -3.829516875324771, 4, 40.23886090999986, 327, 17910, 17910, 0.015614666044712067, -0.3886621594429016
35, -0.9309675756376237, 2, 4.1683706419999, 30, 17940, 17940, 0.014708693139255047, -0.3994372487068176
36, 6.203145529259928, 2, 13.130138301999978, 103, 18043, 18043, 0.017011431977152824, -0.39846301078796387
37, 4.2532049785368145, 2, 13.802544846999808, 109, 18152, 18152, 0.016846584156155586, -0.39185822010040283
38, 3.9225691948086023, 2, 9.374202301999958, 73, 18225, 18225, 0.015312867239117622, -0.40500935912132263
39, 4.845357663929462, 2, 11.636241401999996, 91, 18316, 18316, 0.01483435183763504, -0.39157992601394653
40, 4.447654477669857, 2, 10.136247527999785, 78, 18394, 18394, 0.0154190044850111, -0.4039146304130554
41, 11.853607450495474, 2, 27.92334199800007, 224, 18618, 18618, 0.016376139596104622, -0.4066273868083954
42, 3.9639092250727117, 2, 32.98358139899983, 266, 18884, 18884, 0.016241218894720078, -0.41323813796043396
43, 7.600787006318569, 2, 25.191073511000013, 201, 19085, 19085, 0.01640571467578411, -0.4082763195037842
44, -0.01991920522414148, 2, 4.163382764999824, 30, 19115, 19115, 0.015374427661299706, -0.4165629744529724
45, 2.4464895920827985, 2, 9.492043917000046, 74, 19189, 19189, 0.018796920776367188, -0.3985891342163086
46, -0.17628515954129398, 2, 4.170727130000159, 30, 19219, 19219, 0.01570742577314377, -0.43135741353034973
47, 0.21630919305607677, 2, 4.70954313600032, 34, 19253, 19253, 0.016674086451530457, -0.4107065796852112
48, 0.3848664032993838, 2, 4.840795718999743, 35, 19288, 19288, 0.01647750660777092, -0.39995336532592773
49, -0.7963445583591238, 2, 4.140859094999996, 30, 19318, 19318, 0.01621406152844429, -0.4155528247356415
50, -0.788051562034525, 2, 4.1724430130002474, 30, 19348, 19348, 0.016071511432528496, -0.43620291352272034
51, -0.6608556396095082, 2, 7.270687073999852, 55, 19403, 19403, 0.01836969703435898, -0.4137776494026184
52, -1.1114851227030158, 2, 4.795054968999921, 34, 19437, 19437, 0.018409257754683495, -0.41535529494285583
53, 3.751215751748532, 2, 10.90950345500005, 85, 19522, 19522, 0.017240481451153755, -0.4262785017490387
54, 4.260679072118364, 2, 9.54730874400002, 74, 19596, 19596, 0.016426198184490204, -0.4325939416885376
55, 0.9038014701800421, 2, 5.242340940000304, 39, 19635, 19635, 0.020127998664975166, -0.3999041020870209
56, -1.8927979615982622, 2, 4.145721797000078, 30, 19665, 19665, 0.01746826246380806, -0.44201934337615967
57, 4.297902536578476, 2, 28.242072316999838, 227, 19892, 19892, 0.017992792651057243, -0.4245125949382782
58, 1.8291079580085352, 2, 13.740260941000088, 109, 20001, 20001, 0.018322138115763664, -0.41251954436302185
59, 15.345217087655328, 2, 29.62801377100004, 239, 20240, 20240, 0.017478570342063904, -0.4286282956600189
60, -0.8047110268380493, 2, 4.16427670100029, 30, 20270, 20270, 0.018028752878308296, -0.43129006028175354
61, 12.763395386515185, 2, 24.586853178999718, 197, 20467, 20467, 0.01819244772195816, -0.4263157844543457
62, 11.552490783855319, 2, 38.782696105000014, 314, 20781, 20781, 0.018331196159124374, -0.43514060974121094
63, 25.43266299495008, 1, 34.452864049000254, 278, 21059, 21059, 0.01770341396331787, -0.43722403049468994
64, 8.579691861756146, 2, 16.97932732900017, 135, 21194, 21194, 0.017221948131918907, -0.43530747294425964
65, -0.3438220244133845, 2, 5.229802487000143, 38, 21232, 21232, 0.017668666318058968, -0.4556492865085602
66, -1.0824438277631998, 2, 4.160497643000326, 30, 21262, 21262, 0.017192481085658073, -0.45298710465431213
67, -1.7051445194520056, 2, 4.414856213999883, 32, 21294, 21294, 0.018147418275475502, -0.45779410004615784
68, 10.81766381370835, 2, 21.499513384000238, 171, 21465, 21465, 0.0184768158942461, -0.446733295917511
69, -2.7919258888578042, 2, 9.78272266399972, 76, 21541, 21541, 0.01858319155871868, -0.44716694951057434
70, 4.97867896547541, 2, 11.579869361999954, 91, 21632, 21632, 0.018271232023835182, -0.44752272963523865
71, -0.6473301483783871, 2, 4.173712127000272, 30, 21662, 21662, 0.01968311332166195, -0.4502324163913727
72, 7.334150153677911, 2, 17.414258303000224, 138, 21800, 21800, 0.01848217286169529, -0.45958930253982544
73, 2.163705076323822, 2, 28.53610971499984, 229, 22029, 22029, 0.01784859597682953, -0.44865188002586365
74, 8.595610587392002, 2, 21.65835766600003, 173, 22202, 22202, 0.0184243805706501, -0.45988529920578003
75, 3.2638268037699163, 2, 10.098567904999982, 78, 22280, 22280, 0.017165852710604668, -0.4518064260482788
76, -1.7975372067885473, 2, 4.232429009000043, 30, 22310, 22310, 0.017195522785186768, -0.49436643719673157
77, -0.8567909182747826, 2, 4.183528114999717, 30, 22340, 22340, 0.018908647820353508, -0.46658220887184143
78, 3.411322226980701, 2, 15.50967933200036, 122, 22462, 22462, 0.018193837255239487, -0.4551658630371094
79, 7.675634247483686, 2, 15.675777923000169, 122, 22584, 22584, 0.018543390557169914, -0.4460480809211731
80, -0.4107150190975517, 2, 5.680953090000003, 42, 22626, 22626, 0.01733413152396679, -0.4569500982761383
81, -2.0041368185775355, 2, 4.171354561000044, 30, 22656, 22656, 0.018378106877207756, -0.46064063906669617
82, 5.5296082539716735, 2, 17.801995843999975, 142, 22798, 22798, 0.019754473119974136, -0.4530685842037201
83, -0.9299454822903499, 2, 4.24755764199972, 30, 22828, 22828, 0.019145535305142403, -0.4679480791091919
84, -0.12512883357703686, 2, 6.091425958999935, 46, 22874, 22874, 0.01895727962255478, -0.4646749794483185
85, -0.9684196863090619, 2, 4.173219327999959, 30, 22904, 22904, 0.022892581298947334, -0.4519903063774109
86, -0.00754012237302959, 2, 4.176630408999699, 30, 22934, 22934, 0.021171091124415398, -0.4700748026371002
87, 2.173151122056879, 2, 7.831855669000106, 60, 22994, 22994, 0.018812907859683037, -0.4801831841468811
88, -1.380416120402515, 4, 40.29179567999972, 326, 23320, 23320, 0.019315294921398163, -0.46127212047576904
89, -0.6868211274268106, 2, 5.445194812999944, 40, 23360, 23360, 0.02003202773630619, -0.4504477381706238
90, -1.1069472165545449, 2, 4.65333003600017, 34, 23394, 23394, 0.0187505092471838, -0.4632793962955475
91, -0.5566968193743378, 2, 5.170573602999866, 38, 23432, 23432, 0.017865126952528954, -0.4617510437965393
92, 3.2840180138591677, 2, 9.384060441000202, 72, 23504, 23504, 0.018836449831724167, -0.46414196491241455
93, -0.7000919351121411, 2, 4.201275713000086, 30, 23534, 23534, 0.01678731106221676, -0.4645005166530609
94, 16.169972239993513, 4, 40.1938847790002, 324, 23858, 23858, 0.020121606066823006, -0.4658351540565491
95, 10.99751322728116, 2, 27.013344349999898, 216, 24074, 24074, 0.01844470389187336, -0.4588499367237091
96, 5.438356907921843, 2, 11.033809909999945, 86, 24160, 24160, 0.02014518901705742, -0.4781274199485779
97, -0.47000588674563915, 2, 4.552583631999369, 33, 24193, 24193, 0.01900077611207962, -0.46280601620674133
98, 23.69579065241851, 1, 35.42983302999983, 285, 24478, 24478, 0.019633019343018532, -0.4714658558368683
99, 3.244999475777149, 2, 9.734638813999481, 74, 24552, 24552, 0.019505631178617477, -0.48277905583381653
100, 5.4817102290689945, 2, 40.067982266999934, 322, 24874, 24874, 0.020422877743840218, -0.4697684943675995
101, 23.34654376283288, 1, 33.638876557, 270, 25144, 25144, 0.019590456038713455, -0.48045992851257324
102, -0.014957384439185262, 2, 6.419073830999878, 48, 25192, 25192, 0.020220912992954254, -0.4801206588745117
103, 7.644033905584365, 2, 30.03591826199954, 240, 25432, 25432, 0.020266296342015266, -0.48295047879219055
104, 6.782307260436937, 2, 13.940159896000296, 109, 25541, 25541, 0.01918903924524784, -0.47430139780044556
105, -0.09278926555998623, 2, 4.4508853470006216, 32, 25573, 25573, 0.019552353769540787, -0.4829564392566681
106, 0.5703059290535748, 2, 6.0135633079999025, 45, 25618, 25618, 0.01936790719628334, -0.4868367910385132
107, 4.290864760521799, 2, 10.718899581999722, 83, 25701, 25701, 0.0191991925239563, -0.4669267237186432
108, 3.7720948959467933, 2, 14.293291001999933, 112, 25813, 25813, 0.021364150568842888, -0.46706199645996094
109, 1.4547970936400816, 2, 8.573770953999883, 66, 25879, 25879, 0.023621825501322746, -0.4815153479576111
110, -0.18342411890625954, 2, 4.172333333000097, 30, 25909, 25909, 0.021607568487524986, -0.48798200488090515
111, 2.31477891956456, 2, 8.092487541000082, 62, 25971, 25971, 0.024748854339122772, -0.4594290256500244
112, 0.15798688563518226, 2, 5.403591381000297, 40, 26011, 26011, 0.02437223121523857, -0.48533862829208374
113, 3.5886019552126527, 2, 8.771726867000325, 68, 26079, 26079, 0.02060939371585846, -0.4727913439273834
114, -0.6662268140353262, 2, 5.757625818999259, 43, 26122, 26122, 0.019108982756733894, -0.4572063386440277
115, 5.176445110002533, 2, 13.752767056000266, 108, 26230, 26230, 0.022180521860718727, -0.4845432639122009
116, -0.9018879297655076, 2, 4.225480580000294, 30, 26260, 26260, 0.02120329812169075, -0.49121302366256714
117, 0.09692517202347517, 2, 4.246983768000064, 31, 26291, 26291, 0.02026907540857792, -0.5069504380226135
118, -1.4959979485720396, 2, 4.163664131000587, 30, 26321, 26321, 0.01991930976510048, -0.5036495923995972
119, 11.757743708789349, 2, 20.603088226999716, 164, 26485, 26485, 0.02166692167520523, -0.4829680323600769
120, 18.602790885488503, 2, 32.18829444200037, 258, 26743, 26743, 0.02131756953895092, -0.483907014131546
121, 18.352979550603777, 2, 33.37309893699967, 269, 27012, 27012, 0.02100249193608761, -0.4869827330112457
122, -0.15775636211037636, 2, 4.2431798899997375, 30, 27042, 27042, 0.021010274067521095, -0.4966284930706024
123, 11.031468502944335, 2, 23.700877657999627, 188, 27230, 27230, 0.021064430475234985, -0.49216359853744507
124, 2.011223303852603, 2, 10.292119230000026, 80, 27310, 27310, 0.02076001465320587, -0.5050235986709595
125, 0.2778184204362333, 2, 4.156494294999902, 30, 27340, 27340, 0.0241122767329216, -0.514205276966095
126, 16.507332427660003, 4, 40.213913243000206, 325, 27665, 27665, 0.02146625705063343, -0.5028621554374695
127, 12.17337580723688, 2, 33.35678340100003, 269, 27934, 27934, 0.021446621045470238, -0.4984632730484009
128, 16.895528414286673, 4, 40.2690449189995, 324, 28258, 28258, 0.021194223314523697, -0.5060312151908875
129, 1.0563230176921934, 2, 5.88008955999976, 44, 28302, 28302, 0.023307954892516136, -0.4973543882369995
130, 3.2830276493914425, 2, 10.767292561999966, 84, 28386, 28386, 0.021465742960572243, -0.5107444524765015
131, 2.288783560972661, 2, 13.274797256999591, 104, 28490, 28490, 0.022171277552843094, -0.5057860612869263
132, 13.19438846083358, 2, 28.61210170600043, 227, 28717, 28717, 0.023465022444725037, -0.5003339648246765
133, 1.8432566986884922, 2, 8.117242463000366, 62, 28779, 28779, 0.021690545603632927, -0.5234849452972412
134, -0.7778687058016658, 2, 7.03894908500024, 53, 28832, 28832, 0.021961601451039314, -0.5137305855751038
135, -0.3646579938940704, 2, 5.246976029000507, 38, 28870, 28870, 0.023021841421723366, -0.5169529914855957
136, 0.8225018139928579, 2, 5.759130295000432, 42, 28912, 28912, 0.023225707933306694, -0.5296111702919006
137, 5.1541503220796585, 2, 30.49654603899944, 243, 29155, 29155, 0.021793518215417862, -0.5246809124946594
138, -1.0979885179549456, 2, 5.178095952000149, 38, 29193, 29193, 0.02298443764448166, -0.5233275890350342
139, -0.04617844941094518, 2, 6.532263176000015, 49, 29242, 29242, 0.020365014672279358, -0.5383909344673157
140, 0.6148853411432356, 2, 7.355643492000127, 56, 29298, 29298, 0.02281390130519867, -0.5048750042915344
141, 4.5462941902223974, 2, 12.99264757400033, 102, 29400, 29400, 0.023422427475452423, -0.5188779234886169
142, -2.4155243691056967, 2, 4.1826394790005, 30, 29430, 29430, 0.021358303725719452, -0.5123141407966614
143, 5.816861458151834, 2, 21.27629095300017, 170, 29600, 29600, 0.024966955184936523, -0.5142005681991577
144, 0.585031081456691, 2, 11.284735900000669, 88, 29688, 29688, 0.025018008425831795, -0.5111082196235657
145, 9.641208301880397, 2, 29.340232141000342, 235, 29923, 29923, 0.02367803268134594, -0.5301750898361206
146, 6.167654786026105, 2, 17.89049018300011, 142, 30065, 30065, 0.02461501955986023, -0.5346264243125916
147, 8.144618693273515, 2, 22.44750814500003, 179, 30244, 30244, 0.023788468912243843, -0.5259784460067749
148, 0.16260320879518986, 2, 4.810631512000327, 35, 30279, 30279, 0.022390753030776978, -0.49790775775909424
149, 16.809952716343105, 2, 33.885540559999754, 270, 30549, 30549, 0.02366478182375431, -0.5257934927940369
150, -0.9569463497027755, 2, 4.244121231999998, 30, 30579, 30579, 0.02122102491557598, -0.48399969935417175
151, 14.745724025531672, 4, 40.253402825000194, 321, 30900, 30900, 0.02430456317961216, -0.5276037454605103
152, 0.761149427620694, 2, 8.812972585000352, 68, 30968, 30968, 0.022087406367063522, -0.5287177562713623
153, 8.478755588177592, 2, 18.746673515999646, 148, 31116, 31116, 0.023227959871292114, -0.5259944200515747
154, 10.608500430709682, 2, 37.71626515800017, 301, 31417, 31417, 0.02221483178436756, -0.55495285987854
155, 2.1233926427084953, 2, 8.043669227000464, 61, 31478, 31478, 0.02566063404083252, -0.5412544012069702
156, 1.3143159225583076, 2, 5.913189693999811, 44, 31522, 31522, 0.0245816633105278, -0.5455607771873474
157, 0.2793364664539695, 2, 7.0972945600005914, 53, 31575, 31575, 0.02333853207528591, -0.5335078835487366
158, 6.87228916073218, 2, 14.79081529799987, 116, 31691, 31691, 0.024229396134614944, -0.5217124819755554
159, -0.6315474678995088, 2, 4.484314703999189, 32, 31723, 31723, 0.02381574735045433, -0.5450668931007385
160, 12.594483450055122, 2, 24.13340936199984, 193, 31916, 31916, 0.023945974186062813, -0.5416987538337708
161, 2.0866131267976016, 2, 7.124924440000541, 54, 31970, 31970, 0.023772744461894035, -0.5202392339706421
162, 2.263188962941058, 2, 10.548261345000356, 82, 32052, 32052, 0.023600110784173012, -0.5528649091720581
163, -0.16938413865864277, 2, 4.23494334499992, 30, 32082, 32082, 0.024839095771312714, -0.5824825763702393
164, 5.620642989408225, 2, 18.854637514000387, 149, 32231, 32231, 0.025342920795083046, -0.5537320375442505
165, 10.646297265775502, 4, 40.28814609099936, 325, 32556, 32556, 0.025443708524107933, -0.5540779829025269
166, 0.08733088290318847, 2, 5.804478126000504, 43, 32599, 32599, 0.02453572489321232, -0.5289089679718018
167, -0.3957695299759507, 2, 4.214998249999553, 30, 32629, 32629, 0.02542978525161743, -0.5585170388221741
168, 1.85227569215931, 4, 40.16353118200004, 324, 32953, 32953, 0.026223253458738327, -0.5505142211914062
169, -2.381400980055332, 2, 4.227767700000186, 30, 32983, 32983, 0.024573033675551414, -0.5530197024345398
170, -1.0170220406726003, 2, 4.1918563190001805, 30, 33013, 33013, 0.024249741807579994, -0.5643696188926697
171, 3.8596514617092907, 2, 9.777223447999859, 76, 33089, 33089, 0.026299292221665382, -0.5678315162658691
172, 4.290668800007552, 2, 10.609577747000003, 83, 33172, 33172, 0.026675181463360786, -0.545642077922821
173, 4.499280696269125, 2, 11.872194864000448, 92, 33264, 33264, 0.026451023295521736, -0.5444227457046509
174, 10.791554440394975, 2, 23.693621063000137, 189, 33453, 33453, 0.026539575308561325, -0.5635759234428406
175, -1.0768642742186785, 2, 4.157275755999763, 30, 33483, 33483, 0.02795410342514515, -0.5454936623573303
176, 10.74214419350028, 2, 22.023019072999887, 176, 33659, 33659, 0.026272708550095558, -0.5536928176879883
177, 3.9336216553347185, 2, 28.442663516999346, 229, 33888, 33888, 0.025479499250650406, -0.5814746618270874
178, 8.377046443289146, 2, 14.877583519000837, 118, 34006, 34006, 0.02534322813153267, -0.6017019748687744
179, -0.23683946626260877, 2, 6.580558380999719, 50, 34056, 34056, 0.02735353447496891, -0.5602816939353943
180, 11.378303688950837, 4, 40.16050682000059, 324, 34380, 34380, 0.026297984644770622, -0.5745536684989929
181, 1.27579490467906, 2, 5.173554171000433, 38, 34418, 34418, 0.025835776701569557, -0.611908495426178
182, 9.522907094447874, 2, 20.4005942269996, 163, 34581, 34581, 0.025867657735943794, -0.5947244763374329
183, 5.596752180252224, 2, 13.533988545999819, 107, 34688, 34688, 0.02709493599832058, -0.5783569812774658
184, 8.34985151188448, 2, 25.161319156999525, 202, 34890, 34890, 0.026486732065677643, -0.5932207107543945
185, 4.07711736834608, 2, 15.69581517700044, 124, 35014, 35014, 0.02488933689892292, -0.5754653215408325
186, 10.202782625565305, 2, 21.330622620999748, 169, 35183, 35183, 0.025493456050753593, -0.5830454230308533
187, 11.693881721235812, 4, 40.29874331700012, 320, 35503, 35503, 0.026439378038048744, -0.5933705568313599
188, 10.04208902688697, 2, 19.343922989999555, 152, 35655, 35655, 0.02687828801572323, -0.5917929410934448
189, 4.059998977929354, 2, 10.191732166000293, 77, 35732, 35732, 0.026319537311792374, -0.6173568964004517
190, 11.149086204823107, 2, 29.84001804700074, 239, 35971, 35971, 0.02672620676457882, -0.6008429527282715
191, 2.092207396402955, 2, 8.538878829999703, 66, 36037, 36037, 0.02655142918229103, -0.6082130670547485
192, 11.283839157549664, 2, 34.558234533999894, 276, 36313, 36313, 0.02611060068011284, -0.5990118980407715
193, 2.6890217307955027, 2, 9.086354344000029, 69, 36382, 36382, 0.0254560224711895, -0.5943783521652222
194, 1.0362396873533726, 2, 21.851755806000256, 172, 36554, 36554, 0.027097100391983986, -0.5895922183990479
195, 2.0032961941324174, 2, 9.246964885000125, 70, 36624, 36624, 0.025904016569256783, -0.6055264472961426
196, 17.25999292708002, 4, 40.16036400899975, 323, 36947, 36947, 0.026265623047947884, -0.6078978180885315
197, 14.542104987427592, 2, 33.966066543000125, 271, 37218, 37218, 0.026755675673484802, -0.6178693771362305
198, 12.848746440839022, 2, 31.88143247300013, 252, 37470, 37470, 0.025389844551682472, -0.6100589036941528
199, 13.579200658714399, 2, 30.188865643999634, 240, 37710, 37710, 0.02556607872247696, -0.6328076124191284
200, 4.099623723421246, 2, 10.830874620999566, 84, 37794, 37794, 0.02783730998635292, -0.6298424601554871
201, 0.08188649080693722, 2, 4.3480287579996, 31, 37825, 37825, 0.02698477916419506, -0.6097986102104187
202, 15.7719494671328, 4, 40.263371508999626, 323, 38148, 38148, 0.026949651539325714, -0.6370121836662292
203, 12.83705051895231, 2, 21.319840826000473, 169, 38317, 38317, 0.02612287737429142, -0.6241553425788879
204, -1.001136327162385, 2, 4.170943383000122, 30, 38347, 38347, 0.025284897536039352, -0.643633246421814
205, -0.5175510505214334, 2, 4.869951319000393, 36, 38383, 38383, 0.02790362387895584, -0.6078637838363647
206, 7.634053770452738, 2, 20.442458190999787, 163, 38546, 38546, 0.025724809616804123, -0.6326000690460205
207, 0.2448530187830329, 2, 5.918497505999767, 44, 38590, 38590, 0.02819667011499405, -0.6473641991615295
208, 8.855362354661338, 2, 36.54033725499994, 294, 38884, 38884, 0.02671492099761963, -0.6384533643722534
209, 2.5302417911589146, 2, 9.26907872999982, 72, 38956, 38956, 0.02813839167356491, -0.6132702231407166
210, 2.6255791266448796, 2, 9.738122736999685, 75, 39031, 39031, 0.02757730893790722, -0.6597474217414856
211, 4.533670971286483, 2, 11.80503784099983, 92, 39123, 39123, 0.027013538405299187, -0.6543177962303162
212, -1.3946949685923755, 2, 4.653107946000091, 34, 39157, 39157, 0.026946231722831726, -0.6414560675621033
213, 9.562485759146512, 2, 19.924182861999725, 159, 39316, 39316, 0.02751960977911949, -0.6397081017494202
214, 4.089991561602801, 2, 14.544984236000346, 115, 39431, 39431, 0.02718399278819561, -0.6354933977127075
215, 7.846273560542613, 2, 16.598850350999783, 131, 39562, 39562, 0.026929298415780067, -0.6396868228912354
216, 9.69880287477281, 2, 23.77971708000041, 190, 39752, 39752, 0.027892718091607094, -0.655319094657898
217, 2.7225068700499833, 2, 9.056065108999974, 70, 39822, 39822, 0.026627864688634872, -0.6333178281784058
218, 0.6003160453401506, 2, 6.186726639999506, 46, 39868, 39868, 0.027106985449790955, -0.6506830453872681
219, 13.456137170898728, 4, 40.23850308300007, 324, 40192, 40192, 0.027380075305700302, -0.6500043272972107
220, -1.3206956442445517, 2, 4.162821477999387, 30, 40222, 40222, 0.028005169704556465, -0.5971360802650452
221, 9.246498411521316, 2, 38.47276356600014, 311, 40533, 40533, 0.02839847095310688, -0.6465722918510437
222, 4.752587317489088, 2, 15.5931088920006, 123, 40656, 40656, 0.028687961399555206, -0.6469267010688782
223, 2.998523653484881, 2, 10.085120013999585, 76, 40732, 40732, 0.02780395746231079, -0.6413009166717529
224, 5.145752369891852, 2, 12.406324892000157, 97, 40829, 40829, 0.026756687089800835, -0.6443880200386047
225, 7.151896962313913, 2, 29.33745852100037, 236, 41065, 41065, 0.029076818376779556, -0.6404205560684204
226, -0.7435381971299648, 2, 5.761675603000185, 43, 41108, 41108, 0.029029516503214836, -0.6533387303352356
227, 8.41768557112664, 2, 15.770908565999889, 125, 41233, 41233, 0.027217501774430275, -0.6405306458473206
228, -2.1174791045486927, 2, 4.151871306999965, 30, 41263, 41263, 0.02588990516960621, -0.6526926159858704
229, 2.139026599470526, 2, 8.422635552999964, 65, 41328, 41328, 0.02994995191693306, -0.6578664779663086
230, 2.4983706111088395, 2, 8.836815040000147, 68, 41396, 41396, 0.02969863824546337, -0.6548827886581421
231, 3.860324668698013, 2, 9.162278343000253, 71, 41467, 41467, 0.0274948813021183, -0.6636375784873962
232, -0.33728452771902084, 2, 4.1683544000006805, 30, 41497, 41497, 0.026312414556741714, -0.6625438928604126
233, 2.2775626690126956, 2, 8.66877784999997, 67, 41564, 41564, 0.027562787756323814, -0.6466460824012756
234, 11.581263177795336, 2, 32.16495952600053, 258, 41822, 41822, 0.02805190533399582, -0.6464760899543762
235, 0.45288874162361026, 2, 5.911620793999646, 44, 41866, 41866, 0.02791905589401722, -0.6402831077575684
236, 2.6233887933194637, 2, 10.875530479999725, 84, 41950, 41950, 0.028968842700123787, -0.6526427865028381
237, 5.654313848819584, 2, 13.839905796000494, 109, 42059, 42059, 0.02854020893573761, -0.6650464534759521
238, 11.618720904225484, 2, 21.428620550999767, 168, 42227, 42227, 0.02921297959983349, -0.6390400528907776
239, 2.2628414696082473, 2, 13.40527503300018, 103, 42330, 42330, 0.028970753774046898, -0.6660828590393066
240, 0.8421061597764492, 2, 6.280964724999649, 47, 42377, 42377, 0.027933394536376, -0.6465243101119995
241, -0.0972365103662014, 2, 5.758554216999983, 40, 42417, 42417, 0.029560213908553123, -0.6656312346458435
242, 17.69104259228334, 4, 40.20552728000075, 322, 42739, 42739, 0.028736893087625504, -0.6625224947929382
243, 3.0329511313466355, 2, 12.562396975999945, 98, 42837, 42837, 0.027909718453884125, -0.6741431355476379
244, 7.8193235486978665, 2, 19.163077270999565, 152, 42989, 42989, 0.028971314430236816, -0.6551305055618286
245, 0.5690669086761773, 2, 6.081149616999937, 46, 43035, 43035, 0.029749318957328796, -0.6483496427536011
246, 11.730531312990934, 2, 25.48866697699941, 204, 43239, 43239, 0.027977371588349342, -0.6760821342468262
247, 7.035829940577969, 2, 18.10423675400034, 143, 43382, 43382, 0.029265273362398148, -0.6559401750564575
248, 10.616088053677231, 2, 19.207914448999873, 153, 43535, 43535, 0.030740922316908836, -0.6571787595748901
249, 6.392329416936263, 2, 17.468199688000823, 138, 43673, 43673, 0.02921999990940094, -0.6637011170387268
250, 10.967391610494815, 4, 40.230583603000014, 324, 43997, 43997, 0.029867427423596382, -0.6737610101699829
251, -0.6545361275784671, 2, 5.415834849000021, 40, 44037, 44037, 0.03104337491095066, -0.7004477381706238
252, 15.479068392887712, 4, 40.23992961899967, 325, 44362, 44362, 0.029910774901509285, -0.679294228553772
253, 2.2676359426695853, 4, 40.25259634299982, 326, 44688, 44688, 0.03001691959798336, -0.674858808517456
254, 5.939883308950812, 2, 21.66742512699966, 173, 44861, 44861, 0.03130760416388512, -0.6953035593032837
255, 7.6920723537914455, 2, 15.867093632000433, 124, 44985, 44985, 0.02724483050405979, -0.6915279030799866
256, 3.0004645357839763, 2, 10.366348090000429, 81, 45066, 45066, 0.029013963416218758, -0.6840208172798157
257, -0.843511076644063, 2, 4.198848027000167, 30, 45096, 45096, 0.028421230614185333, -0.689596951007843
258, 2.4344171420671046, 2, 10.991867975999412, 85, 45181, 45181, 0.028770102187991142, -0.6725748181343079
259, 17.31150955380872, 2, 35.013525995000236, 281, 45462, 45462, 0.029449615627527237, -0.6835916042327881
260, 7.795994196087122, 2, 16.409181652999905, 130, 45592, 45592, 0.030172565951943398, -0.6979491114616394
261, 15.876480215694755, 2, 31.438606888999857, 252, 45844, 45844, 0.030980508774518967, -0.6968438625335693
262, 4.329168024472892, 2, 14.287009941999713, 113, 45957, 45957, 0.03094213455915451, -0.6971437335014343
263, -0.5340016256086528, 2, 5.620895897000082, 42, 45999, 45999, 0.03187277540564537, -0.6650359034538269
264, 4.857491700677201, 2, 12.783069423000597, 100, 46099, 46099, 0.030126316472887993, -0.6871184706687927
265, 1.9887400320731103, 2, 36.7602471120008, 296, 46395, 46395, 0.02956942841410637, -0.7039012908935547
266, 3.223504712805152, 2, 10.450025805000223, 81, 46476, 46476, 0.02951149269938469, -0.6912588477134705
267, 6.209508620202541, 2, 22.906199756000206, 182, 46658, 46658, 0.03028610534965992, -0.6959692239761353
268, 0.12306590215303004, 2, 5.358193789000325, 40, 46698, 46698, 0.031567420810461044, -0.6894925832748413
269, -0.26583561580628157, 2, 4.177183372999934, 30, 46728, 46728, 0.030743572860956192, -0.7106347680091858
270, 2.8406670643016696, 2, 9.248602525000024, 71, 46799, 46799, 0.03168390318751335, -0.6967752575874329
271, 0.5741890547797084, 2, 9.36405190000005, 72, 46871, 46871, 0.030852777883410454, -0.7165048718452454
272, 2.3254868779331446, 2, 8.425565221000397, 65, 46936, 46936, 0.030408741906285286, -0.6833226084709167
273, 9.541328153107315, 2, 18.508725339999728, 147, 47083, 47083, 0.0302183348685503, -0.6885546445846558
274, -1.1874227428343147, 2, 4.149403039999925, 30, 47113, 47113, 0.03251776844263077, -0.6946643590927124
275, -0.7692660321481526, 2, 7.073427049000202, 53, 47166, 47166, 0.03016766719520092, -0.6993858218193054
276, 14.19229440658819, 2, 33.07720265599983, 266, 47432, 47432, 0.030846208333969116, -0.6909942626953125
277, -1.2809864436276257, 2, 4.782894542999202, 35, 47467, 47467, 0.03202984109520912, -0.6771620512008667
278, -0.16989606898277998, 2, 4.322078453000358, 31, 47498, 47498, 0.030461518093943596, -0.667725145816803
279, -0.13015905604697764, 2, 4.218299131000094, 30, 47528, 47528, 0.02929837629199028, -0.6871559619903564
280, 7.591435010777786, 2, 14.252797140999974, 112, 47640, 47640, 0.031490862369537354, -0.6883147954940796
281, 16.207889528363012, 4, 40.24249799500012, 323, 47963, 47963, 0.03068375401198864, -0.6945760250091553
282, 1.6072663373779505, 2, 8.403350943999612, 64, 48027, 48027, 0.032939400523900986, -0.6735644936561584
283, 3.8595123945269734, 2, 11.403420782000467, 89, 48116, 48116, 0.031314555555582047, -0.6993407607078552
284, 1.212293089949526, 2, 7.518628095999702, 57, 48173, 48173, 0.03036685846745968, -0.7019479870796204
285, 10.511301483609714, 2, 24.82269137200001, 198, 48371, 48371, 0.03129719942808151, -0.7167507410049438
286, 2.991106102010235, 2, 9.164140201999544, 71, 48442, 48442, 0.030538266524672508, -0.6984416842460632
287, 11.909884651075117, 4, 40.27702143700026, 324, 48766, 48766, 0.03171476349234581, -0.6965339779853821
288, 11.76666359626688, 2, 24.521770479000224, 195, 48961, 48961, 0.030923033133149147, -0.7074064016342163
289, 14.816056453273632, 2, 31.371046594999825, 252, 49213, 49213, 0.03181440755724907, -0.7093989253044128
290, -0.8589291309472173, 2, 4.216718923000371, 30, 49243, 49243, 0.02848709747195244, -0.7100805640220642
291, 6.3776942702243105, 2, 16.980888856999627, 134, 49377, 49377, 0.031363364309072495, -0.7252554893493652
292, 14.470181124750525, 2, 35.648937905999446, 284, 49661, 49661, 0.03164420276880264, -0.7067627906799316
293, 6.483649659901857, 2, 19.955023232000713, 158, 49819, 49819, 0.03108568675816059, -0.6956332921981812
294, -1.463740176986903, 2, 4.580021050999676, 33, 49852, 49852, 0.030372872948646545, -0.6666952967643738
295, 2.899908293504268, 2, 8.871014524000202, 69, 49921, 49921, 0.030314138159155846, -0.7261432409286499
296, -0.7130748487543315, 2, 5.526042944000437, 41, 49962, 49962, 0.03155563771724701, -0.7147601246833801
297, -1.8955507767386734, 2, 4.164599018000445, 30, 49992, 49992, 0.03110477328300476, -0.6906541585922241
298, 5.504866120638326, 2, 12.74426036099976, 100, 50092, 50092, 0.030373012647032738, -0.7249491214752197
299, 11.032819630810991, 2, 25.14197051500014, 200, 50292, 50292, 0.031248921528458595, -0.7153862714767456
300, 8.989817343535833, 2, 17.297872817000098, 137, 50429, 50429, 0.030547110363841057, -0.7069643139839172
301, 3.9009370951680467, 2, 32.964711945999625, 265, 50694, 50694, 0.032308559864759445, -0.7215834259986877
302, 5.802132633863948, 2, 22.908633586999713, 182, 50876, 50876, 0.03155626729130745, -0.7217040657997131
303, 21.211573381442577, 4, 40.224151941000855, 324, 51200, 51200, 0.0319507010281086, -0.7301753759384155
304, 7.787587636499666, 2, 21.987268930000027, 175, 51375, 51375, 0.03138072043657303, -0.7353553771972656
305, -0.25163965427782387, 2, 4.812958065999737, 35, 51410, 51410, 0.03169332444667816, -0.7244030833244324
306, 10.932280187844299, 2, 22.43512335700052, 179, 51589, 51589, 0.03237259015440941, -0.7197047472000122
307, 0.4554357990855351, 2, 5.887239734000104, 44, 51633, 51633, 0.03429132327437401, -0.7425400018692017
308, 13.473747678799555, 2, 24.605539211000178, 197, 51830, 51830, 0.030299928039312363, -0.7493841648101807
309, 4.457113360869698, 2, 12.342353492000257, 96, 51926, 51926, 0.03187807276844978, -0.7223625779151917
310, 13.469306406797841, 2, 39.02367865100041, 313, 52239, 52239, 0.032369863241910934, -0.7284177541732788
311, 25.874068251345307, 1, 32.939197170000625, 264, 52503, 52503, 0.032370228320360184, -0.744838297367096
312, -0.2511673297267407, 4, 40.28413046500009, 326, 52829, 52829, 0.03170646354556084, -0.7431818842887878
313, 15.023652034346014, 4, 40.23519039999974, 325, 53154, 53154, 0.03220169618725777, -0.7483481168746948
314, 0.07571894011925906, 2, 5.395961733999684, 40, 53194, 53194, 0.03082003816962242, -0.7508805990219116
315, 9.859226640313864, 4, 40.268787479999446, 324, 53518, 53518, 0.03317882865667343, -0.7491981387138367
316, -1.096961845178157, 2, 4.934028488999502, 36, 53554, 53554, 0.031956747174263, -0.7515828609466553
317, 12.428692228160799, 2, 28.375355680999746, 227, 53781, 53781, 0.03212260454893112, -0.7264972925186157
318, 10.65989040536806, 2, 19.40350436999961, 153, 53934, 53934, 0.032744474709033966, -0.7656173706054688
319, 4.003961778478697, 2, 10.871242766999785, 85, 54019, 54019, 0.03387972712516785, -0.7542378902435303
320, 11.533555511501618, 4, 40.23492592999992, 323, 54342, 54342, 0.032927561551332474, -0.7484349012374878
321, 8.197021875996143, 4, 40.22955832700063, 323, 54665, 54665, 0.033876437693834305, -0.7669321298599243
322, -2.1487629991024733, 2, 4.185787352000261, 30, 54695, 54695, 0.035844165831804276, -0.7868537902832031
323, 7.783788374159485, 2, 14.479292334000093, 114, 54809, 54809, 0.033600930124521255, -0.7495434284210205
324, 3.831167108612135, 4, 40.16535606200068, 325, 55134, 55134, 0.03333921730518341, -0.7607706785202026
325, -1.3194898925721645, 2, 4.750298698001643, 35, 55169, 55169, 0.03176289051771164, -0.7072257995605469
326, 9.66370726050809, 2, 22.61716606799928, 180, 55349, 55349, 0.032484207302331924, -0.7660793662071228
327, 2.4032996663590893, 2, 8.893134721000024, 68, 55417, 55417, 0.0323370061814785, -0.791103184223175
328, 5.477890239330009, 2, 12.572267006000402, 98, 55515, 55515, 0.03346998989582062, -0.7483504414558411
329, -1.0245001618750393, 2, 4.175826872000471, 30, 55545, 55545, 0.0386381559073925, -0.7514446973800659
330, 2.223683197516948, 2, 14.646327562000806, 115, 55660, 55660, 0.03244268521666527, -0.7840921878814697
331, 15.397870765067637, 2, 40.04397671100014, 323, 55983, 55983, 0.03338925912976265, -0.7686536312103271
332, 10.591327263507992, 2, 36.93672754600084, 297, 56280, 56280, 0.03398151323199272, -0.7618956565856934
333, 6.632147252559662, 2, 18.290672350000023, 144, 56424, 56424, 0.033156558871269226, -0.7530434131622314
334, 11.75398584920913, 4, 40.19678710500011, 323, 56747, 56747, 0.03402020409703255, -0.7674785256385803
335, 1.0755259371362627, 2, 6.640013635000287, 50, 56797, 56797, 0.034635353833436966, -0.7421994805335999
336, 7.3475638423115015, 4, 40.24573100999987, 324, 57121, 57121, 0.03437735512852669, -0.7724876403808594
337, 12.53676345932763, 2, 34.21566289200018, 274, 57395, 57395, 0.03280843794345856, -0.7561873197555542
338, 2.5515204567927867, 2, 10.977872993998972, 85, 57480, 57480, 0.032233208417892456, -0.7663782238960266
339, -2.1048019574955106, 2, 4.204646116999356, 30, 57510, 57510, 0.03258996829390526, -0.7844883799552917
340, 3.7554310052655637, 2, 11.268671436999284, 87, 57597, 57597, 0.03472406417131424, -0.779940664768219
341, 12.333034802926704, 2, 28.331610130000627, 227, 57824, 57824, 0.033483147621154785, -0.7807952165603638
342, -0.34319878835231066, 2, 4.433444365000469, 32, 57856, 57856, 0.033105019479990005, -0.7736207246780396
343, 12.33185788569972, 4, 40.28115783499925, 326, 58182, 58182, 0.03458162024617195, -0.7581754326820374
344, 0.6224137032404542, 2, 5.449269869999625, 40, 58222, 58222, 0.0355122908949852, -0.7696540951728821
345, 7.30278348189313, 2, 23.79394041500018, 190, 58412, 58412, 0.03433360159397125, -0.7769702076911926
346, 11.497092352830805, 2, 32.88424174300053, 262, 58674, 58674, 0.03595536947250366, -0.7820002436637878
347, 12.818689885200001, 2, 26.44404231199951, 211, 58885, 58885, 0.03416953980922699, -0.7692139744758606
348, -2.020647551631555, 2, 4.169818976000897, 30, 58915, 58915, 0.03129179775714874, -0.7723528742790222
349, 3.0051636677235365, 2, 9.55631806099882, 74, 58989, 58989, 0.03566354513168335, -0.7464491128921509
350, -1.4039297755807638, 2, 4.156604616999175, 30, 59019, 59019, 0.03909308835864067, -0.7678041458129883
351, 9.792950520990416, 2, 28.213207472999784, 225, 59244, 59244, 0.03396386653184891, -0.792451024055481
352, 9.23105790046975, 2, 20.728185752999707, 165, 59409, 59409, 0.03372872620820999, -0.7785233855247498
353, 0.6875672866590321, 2, 6.339574227000412, 47, 59456, 59456, 0.036215078085660934, -0.7503315806388855
354, -0.08482978632673621, 2, 5.672523094999633, 42, 59498, 59498, 0.03512667864561081, -0.794606626033783
355, 7.084603999857791, 2, 20.20809127100074, 161, 59659, 59659, 0.036707594990730286, -0.7730374932289124
356, 4.083714209031314, 2, 10.06388260499989, 78, 59737, 59737, 0.03786792233586311, -0.7685725092887878
357, -0.4811297820415348, 2, 5.791315373000543, 43, 59780, 59780, 0.034876398742198944, -0.760246217250824
358, -1.1586778541095555, 2, 4.227456368000276, 30, 59810, 59810, 0.03505786135792732, -0.7787302732467651
359, 2.4922837344929576, 2, 8.537013054999989, 66, 59876, 59876, 0.03558950498700142, -0.784900963306427
360, 1.9189910762943327, 2, 7.860548037999251, 60, 59936, 59936, 0.03326355665922165, -0.768168032169342
361, 3.264767033746466, 2, 10.330295842999476, 80, 60016, 60016, 0.034238576889038086, -0.7778260707855225
362, 17.54733822914568, 2, 39.681815642999936, 320, 60336, 60336, 0.03523528575897217, -0.7709904909133911
363, 13.895754933124408, 2, 24.464480191001712, 195, 60531, 60531, 0.036698948591947556, -0.7740870714187622
364, 1.2752262144349515, 2, 7.513201124998886, 57, 60588, 60588, 0.03384574502706528, -0.7840520143508911
365, 12.882277552736923, 2, 40.0552333809992, 321, 60909, 60909, 0.03589077293872833, -0.7715516090393066
366, 7.043076834641397, 2, 23.632664304999707, 188, 61097, 61097, 0.03559725731611252, -0.7753937840461731
367, -0.3227851304691285, 2, 4.226747692000572, 30, 61127, 61127, 0.03523452579975128, -0.7619653344154358
368, 4.190650360658765, 2, 10.983139314001164, 85, 61212, 61212, 0.037203408777713776, -0.7761681079864502
369, 13.914418820524588, 4, 40.17039199300052, 322, 61534, 61534, 0.0357646569609642, -0.7751529216766357
370, 8.913932267343625, 2, 17.687386968998908, 140, 61674, 61674, 0.03515483811497688, -0.7627584338188171
371, 10.76598246768117, 4, 40.24074398099947, 324, 61998, 61998, 0.03674694523215294, -0.7723898887634277
372, 8.93045701191295, 2, 19.971670660999735, 158, 62156, 62156, 0.0352000966668129, -0.770111083984375
373, 1.7918811473064125, 2, 7.4574548229993525, 57, 62213, 62213, 0.03522533178329468, -0.7832193970680237
374, 1.1131570336874574, 2, 7.577630715999476, 58, 62271, 62271, 0.03526962175965309, -0.7631287574768066
375, 9.099277676315978, 2, 20.124008483999205, 160, 62431, 62431, 0.0357142835855484, -0.7656103372573853
376, -0.3551910298410803, 2, 4.662836882000192, 34, 62465, 62465, 0.034471653401851654, -0.7767187356948853
377, 7.679286627098918, 2, 21.711668076000933, 173, 62638, 62638, 0.03732745721936226, -0.7724978923797607
378, 11.888207926880568, 4, 40.19530043499981, 324, 62962, 62962, 0.03701140359044075, -0.7611484527587891
379, 9.833803149987943, 4, 40.24157985199963, 324, 63286, 63286, 0.03646458685398102, -0.774998128414154
380, 1.7773690880276263, 2, 7.5792745019989525, 58, 63344, 63344, 0.03816712275147438, -0.7405202388763428
381, 0.8981900378130376, 2, 5.203683923000426, 38, 63382, 63382, 0.035181861370801926, -0.7326098084449768
382, -1.111255363910459, 2, 4.219230609000078, 30, 63412, 63412, 0.03810044750571251, -0.7748612761497498
383, 8.875043369014747, 4, 40.25499663900155, 324, 63736, 63736, 0.03527569770812988, -0.7721940279006958
384, -1.0259568118490279, 2, 4.350757516000158, 31, 63767, 63767, 0.037801433354616165, -0.8056531548500061
385, -0.1105186240747571, 2, 4.212520562001373, 30, 63797, 63797, 0.03504829481244087, -0.7649438977241516
386, -1.7088808226399124, 2, 4.876048823000019, 35, 63832, 63832, 0.034963902086019516, -0.7620797753334045
387, 0.4934885853435844, 2, 9.881968220999624, 76, 63908, 63908, 0.03727514669299126, -0.7823944687843323
388, 6.280115108937025, 2, 14.43519391799964, 112, 64020, 64020, 0.035855669528245926, -0.754781186580658
389, 11.276110886828974, 2, 36.211880822998864, 288, 64308, 64308, 0.036445338279008865, -0.7584918737411499
390, 0.7984699099324644, 2, 6.863452474999576, 51, 64359, 64359, 0.03618264198303223, -0.7800236344337463
391, 0.1195936007425189, 2, 4.212281256999631, 30, 64389, 64389, 0.03257013484835625, -0.7783572673797607
392, 0.81401037867181, 2, 18.662720199999967, 147, 64536, 64536, 0.035499174147844315, -0.7544174194335938
393, 12.58771713054739, 4, 40.167793221000466, 320, 64856, 64856, 0.03547554090619087, -0.7524823546409607
394, 0.09489264618605375, 2, 4.7360753800003295, 34, 64890, 64890, 0.03489811718463898, -0.7937761545181274
395, -1.3636438380926847, 2, 4.173319034000087, 30, 64920, 64920, 0.03826235234737396, -0.689456582069397
396, 7.34824568242766, 2, 16.456397612999353, 130, 65050, 65050, 0.03961877524852753, -0.7816208004951477
397, 17.153249974478967, 2, 40.24876882799981, 324, 65374, 65374, 0.03661410138010979, -0.7646899819374084
398, 7.498528855387121, 2, 20.838812776999475, 165, 65539, 65539, 0.03717803210020065, -0.7824598550796509
399, 2.4995495015755296, 2, 8.264079598000535, 63, 65602, 65602, 0.036069247871637344, -0.768292248249054
400, 8.573878172785044, 2, 16.990567507999003, 134, 65736, 65736, 0.03717979043722153, -0.7747607231140137
401, 8.516233087633736, 2, 29.55283348500052, 237, 65973, 65973, 0.03575482219457626, -0.7746412754058838
402, -0.957159471232444, 2, 4.172842686999502, 30, 66003, 66003, 0.03367358446121216, -0.7567293643951416
403, 7.545951361767948, 2, 19.187790624000627, 152, 66155, 66155, 0.03572776913642883, -0.767938494682312
404, 3.2471719621680677, 2, 8.478314805000991, 65, 66220, 66220, 0.03687112033367157, -0.7628177404403687
405, 1.1014268833678216, 2, 18.75207784899976, 149, 66369, 66369, 0.038393326103687286, -0.7398940920829773
406, 14.492072450579144, 4, 40.23093252699982, 322, 66691, 66691, 0.035839639604091644, -0.7673265933990479
407, 15.182226394768804, 2, 25.012660987000345, 199, 66890, 66890, 0.03686559945344925, -0.7783852815628052
408, 4.19836400821805, 2, 16.09664577500007, 127, 67017, 67017, 0.037153542041778564, -0.7674303650856018
409, 8.69542290084064, 2, 35.471992659000534, 284, 67301, 67301, 0.03733224421739578, -0.7667471170425415
410, 0.7421275083906949, 2, 5.193104336000033, 38, 67339, 67339, 0.03427566587924957, -0.773211658000946
411, 0.9293244411237538, 2, 6.057270347000667, 45, 67384, 67384, 0.03789342939853668, -0.771044909954071
412, 17.215619592694566, 4, 40.237667325000075, 323, 67707, 67707, 0.03661543130874634, -0.7781021595001221
413, 9.925934764323756, 2, 25.084328664999703, 200, 67907, 67907, 0.035652708262205124, -0.779472827911377
414, 2.2154475327115506, 2, 14.879860772000029, 117, 68024, 68024, 0.035148486495018005, -0.7847034931182861
415, 18.15987229498569, 4, 40.28304425499846, 322, 68346, 68346, 0.036745645105838776, -0.7808030247688293
416, 16.935883213183843, 4, 40.28319261800061, 322, 68668, 68668, 0.03716861829161644, -0.7657170295715332
417, 14.061435233568773, 4, 40.22267837400068, 323, 68991, 68991, 0.0376816987991333, -0.7682440876960754
418, 7.711616556160152, 2, 17.507525007000368, 138, 69129, 69129, 0.037541795521974564, -0.7663023471832275
419, 15.19017206504941, 2, 25.393887845999416, 202, 69331, 69331, 0.03870563209056854, -0.7536922693252563
420, 2.5508775974158198, 2, 17.579412756998863, 139, 69470, 69470, 0.03766092285513878, -0.7758200764656067
421, 14.6821611400228, 4, 40.1605768419995, 322, 69792, 69792, 0.03707798197865486, -0.7751640677452087
422, 13.872602816438302, 2, 38.84098961900054, 312, 70104, 70104, 0.03583217412233353, -0.7806438207626343
423, 13.279963991837576, 2, 23.677191531998687, 188, 70292, 70292, 0.03723194822669029, -0.7811323404312134
424, 6.588834583060816, 4, 40.22522498399849, 321, 70613, 70613, 0.03659793362021446, -0.7802436947822571
425, 15.754899946390651, 2, 38.956698758998755, 311, 70924, 70924, 0.03660339489579201, -0.7613579630851746
426, 6.557497763540596, 2, 19.03158678499858, 151, 71075, 71075, 0.03614166006445885, -0.7841768264770508
427, 13.54946879367344, 4, 40.233684955999706, 321, 71396, 71396, 0.036460090428590775, -0.7739489078521729
428, 9.570512288250029, 2, 20.179810870000438, 159, 71555, 71555, 0.03620445355772972, -0.7820477485656738
429, 11.462244154885411, 2, 22.24500374099989, 177, 71732, 71732, 0.03619901090860367, -0.7739382982254028
430, 4.635612021898851, 2, 27.033065808000174, 215, 71947, 71947, 0.03534233942627907, -0.7691472768783569
431, 12.296881810179912, 4, 40.247501788999216, 322, 72269, 72269, 0.037494804710149765, -0.7724906206130981
432, -0.1295404175762087, 2, 5.569344538000223, 41, 72310, 72310, 0.0369146503508091, -0.7653634548187256
433, -0.275248228572309, 2, 5.498025288999997, 40, 72350, 72350, 0.03562936931848526, -0.7726988196372986
434, 15.463289774488658, 4, 40.24363743200047, 322, 72672, 72672, 0.03721693530678749, -0.7671054005622864
435, 3.781739146448672, 2, 10.394720595000763, 80, 72752, 72752, 0.03703723102807999, -0.7424386739730835
436, 4.555808973265812, 2, 10.139726073999555, 78, 72830, 72830, 0.03952286019921303, -0.7444056272506714
437, 8.960425142315216, 4, 40.19163976699929, 324, 73154, 73154, 0.03693414852023125, -0.7702397108078003
438, -0.29860357474535704, 2, 4.842681174999598, 35, 73189, 73189, 0.0388055145740509, -0.7969462275505066
439, -0.3506489936262369, 2, 4.838808923001125, 35, 73224, 73224, 0.03782195225358009, -0.7676893472671509
440, 13.591221796814352, 2, 36.23811759599994, 290, 73514, 73514, 0.03568213805556297, -0.7680598497390747
441, 9.018610961502418, 2, 16.298995019998983, 128, 73642, 73642, 0.038206785917282104, -0.7793724536895752
442, 13.677430221578106, 4, 40.29054903100041, 323, 73965, 73965, 0.036980368196964264, -0.7636526226997375
443, 11.385877375374548, 2, 30.134238506001566, 241, 74206, 74206, 0.03534596040844917, -0.7791476845741272
444, 3.6036781885195524, 2, 13.696641000000454, 107, 74313, 74313, 0.03670719265937805, -0.7825857996940613
445, 10.86176955269184, 4, 40.18900720199963, 322, 74635, 74635, 0.0368538498878479, -0.7862240672111511
446, 2.0774369430728257, 2, 10.294710670999848, 80, 74715, 74715, 0.03588039427995682, -0.7566667199134827
447, 1.148715186282061, 2, 8.919459295000706, 68, 74783, 74783, 0.0377754382789135, -0.7788122892379761
448, 0.8609633375890553, 2, 6.560459192000053, 49, 74832, 74832, 0.035509586334228516, -0.7774975299835205
449, -0.3324009017087519, 2, 4.2125986219998595, 30, 74862, 74862, 0.04062754660844803, -0.7768571972846985
450, -0.07033784501254559, 2, 6.4438224240002455, 48, 74910, 74910, 0.03692334517836571, -0.7933095097541809
451, -1.5321458608377725, 2, 9.174450035001428, 70, 74980, 74980, 0.03845338150858879, -0.7738918662071228
452, -1.1615734295919538, 2, 6.133478294999804, 46, 75026, 75026, 0.0392221100628376, -0.7851719260215759
453, 4.701086297398433, 2, 11.387787914, 88, 75114, 75114, 0.0371052585542202, -0.8220498561859131
454, 12.673015521722846, 4, 40.19791280800018, 322, 75436, 75436, 0.037966225296258926, -0.7684674859046936
455, 14.546862181159668, 4, 40.25271281300047, 323, 75759, 75759, 0.03624705970287323, -0.7776266932487488
456, 2.265622443985194, 2, 9.723974143000305, 75, 75834, 75834, 0.03759853541851044, -0.78558748960495
457, 13.276510789990425, 4, 40.26789758599989, 323, 76157, 76157, 0.03727883845567703, -0.7820501923561096
458, 8.844275652896613, 2, 34.894677428999785, 280, 76437, 76437, 0.03799480199813843, -0.7696060538291931
459, 14.780149682657793, 4, 40.25928940800077, 323, 76760, 76760, 0.037534765899181366, -0.7719928622245789
460, 10.986086569726467, 2, 39.26411382000151, 315, 77075, 77075, 0.03712813928723335, -0.7726793885231018
461, 1.7723173362901434, 2, 17.13523069799885, 135, 77210, 77210, 0.03732483461499214, -0.7499094605445862
462, 2.937587210908532, 2, 8.2909683580001, 63, 77273, 77273, 0.0376444049179554, -0.7761380672454834
463, 6.610069171525538, 2, 20.355430349000017, 161, 77434, 77434, 0.03752830624580383, -0.7711513638496399
464, -1.0699606032576412, 2, 4.195444613998916, 30, 77464, 77464, 0.035409171134233475, -0.7403033375740051
465, 18.767376257455908, 4, 40.26567386200077, 324, 77788, 77788, 0.03691471740603447, -0.7735205888748169
466, 13.365862554637715, 4, 40.164425883998774, 321, 78109, 78109, 0.037512850016355515, -0.7700332999229431
467, -0.3574865651316941, 2, 5.862188758999764, 43, 78152, 78152, 0.03656209632754326, -0.7888143062591553
468, 6.59605580708012, 2, 14.585369788999742, 111, 78263, 78263, 0.03486643359065056, -0.7572593092918396
469, 2.4487207462079823, 2, 8.800089292999473, 66, 78329, 78329, 0.034155331552028656, -0.7479174733161926
470, -0.26547602796927094, 2, 4.989721554000425, 36, 78365, 78365, 0.03692637383937836, -0.7587912082672119
471, 15.34076505433768, 2, 33.61009823000131, 268, 78633, 78633, 0.03744018077850342, -0.7689949870109558
472, 10.96896924241446, 4, 40.21318396300012, 322, 78955, 78955, 0.03842522203922272, -0.7731766104698181
473, 1.8878505188040435, 2, 13.315949445001024, 101, 79056, 79056, 0.037938397377729416, -0.7631634473800659
474, -0.24887532088905573, 2, 6.190162833998329, 46, 79102, 79102, 0.03618283569812775, -0.7772055864334106
475, -2.3250542413443327, 2, 4.267502856000647, 30, 79132, 79132, 0.03905738890171051, -0.7312610149383545
476, 10.624988785944879, 4, 40.18294696799967, 321, 79453, 79453, 0.03843393549323082, -0.7536026835441589
477, 3.525027761235833, 2, 8.748975163000068, 66, 79519, 79519, 0.03767458721995354, -0.7504020929336548
478, 15.807136704330333, 4, 40.26031023399992, 322, 79841, 79841, 0.03884725272655487, -0.7703410983085632
479, -0.8536542002111673, 2, 4.211067936999825, 30, 79871, 79871, 0.03897666558623314, -0.7525829076766968
480, 0.2775283753871918, 4, 40.22521364199929, 324, 80195, 80195, 0.0376427061855793, -0.763541042804718
481, 1.3865073500201106, 2, 12.847789905999889, 100, 80295, 80295, 0.0372156947851181, -0.7387258410453796
482, 2.846500397485215, 2, 10.211037585999293, 78, 80373, 80373, 0.03786144033074379, -0.7402796745300293
483, -0.18296712916344404, 2, 5.048502830000871, 37, 80410, 80410, 0.03594948351383209, -0.7668271660804749
484, 1.1340650040656328, 2, 6.063786218999667, 45, 80455, 80455, 0.03758019953966141, -0.7376498579978943
485, 12.36319439788349, 2, 34.23091382599887, 274, 80729, 80729, 0.03874984011054039, -0.7468202114105225
486, -1.0695948437787592, 2, 4.212590653000007, 30, 80759, 80759, 0.03735937923192978, -0.745403528213501
487, 2.6213583014905453, 2, 9.01615452599981, 69, 80828, 80828, 0.040681589394807816, -0.7432383298873901
488, 13.484523149789311, 4, 40.23601549200066, 321, 81149, 81149, 0.03756900876760483, -0.7555997967720032
489, -0.5129536055028439, 2, 4.820937604999926, 35, 81184, 81184, 0.03689868748188019, -0.7557165026664734
490, 6.579826474539004, 2, 21.74546067600022, 172, 81356, 81356, 0.03940382972359657, -0.7579948306083679
491, 0.1273007490672171, 2, 7.185108129000582, 54, 81410, 81410, 0.03874441981315613, -0.7819767594337463
492, 0.17773757642135024, 2, 5.442095631000484, 40, 81450, 81450, 0.040195997804403305, -0.772799551486969
493, -0.16058072680607438, 2, 4.317916451000201, 31, 81481, 81481, 0.040526341646909714, -0.7518317103385925
494, -1.1299811583012342, 2, 4.232973502999812, 30, 81511, 81511, 0.03890909254550934, -0.7819210886955261
495, 8.761977000860497, 2, 22.61420328300119, 180, 81691, 81691, 0.03979593142867088, -0.7605520486831665
496, 18.486719189444557, 4, 40.263254954999866, 323, 82014, 82014, 0.038646940141916275, -0.7480835318565369
497, 1.8671376155689359, 2, 6.715515951998896, 50, 82064, 82064, 0.03924538940191269, -0.793891191482544
498, 10.350038155447692, 4, 40.21279233700079, 322, 82386, 82386, 0.039597731083631516, -0.7536638379096985
499, 1.563977420097217, 2, 8.982957375999831, 68, 82454, 82454, 0.039735689759254456, -0.7488871812820435
500, 10.10265106195584, 2, 17.90166968900121, 141, 82595, 82595, 0.040406811982393265, -0.7597660422325134
501, 11.360023942688713, 2, 21.85213713400117, 173, 82768, 82768, 0.03776620700955391, -0.7506557106971741
502, 6.665329470066354, 2, 31.790163927998947, 255, 83023, 83023, 0.03942514583468437, -0.760636031627655
503, -0.909839725587517, 2, 4.438139055000647, 32, 83055, 83055, 0.04046874865889549, -0.7605801820755005
504, 13.390442682430148, 2, 26.376318489999903, 210, 83265, 83265, 0.03991880267858505, -0.7579931616783142
505, 13.879166155238636, 2, 34.021904432000156, 272, 83537, 83537, 0.040195491164922714, -0.7593310475349426
506, 15.335582907893695, 4, 40.287270914001056, 323, 83860, 83860, 0.03751852735877037, -0.7439375519752502
507, 14.546951832715422, 2, 37.262433170000804, 299, 84159, 84159, 0.03786023333668709, -0.7501826882362366
508, 13.868668611627072, 2, 40.04011168100078, 322, 84481, 84481, 0.03858397901058197, -0.7552688121795654
509, 7.544450185727328, 2, 16.10738808899987, 127, 84608, 84608, 0.04027458280324936, -0.7656468152999878
510, 14.84098525828449, 2, 30.865477531999204, 246, 84854, 84854, 0.03836224973201752, -0.7410300374031067
511, 10.190847480203956, 2, 28.823429444000794, 230, 85084, 85084, 0.03973102569580078, -0.7423664331436157
512, 9.446025908458978, 2, 21.49787809100053, 171, 85255, 85255, 0.04098200798034668, -0.7458412051200867
513, 9.784077427815646, 2, 19.640718245000244, 155, 85410, 85410, 0.03997500613331795, -0.7466491460800171
514, 15.715007573831826, 4, 40.26928275099999, 322, 85732, 85732, 0.040421970188617706, -0.7538526654243469
515, 3.269225272582844, 2, 12.820772369999759, 100, 85832, 85832, 0.03689795732498169, -0.7582053542137146
516, 16.401406906894408, 4, 40.16712347500106, 323, 86155, 86155, 0.03827303647994995, -0.7542166113853455
517, 9.433413276798092, 4, 40.28245715900084, 324, 86479, 86479, 0.03986932709813118, -0.7442643046379089
518, 7.4888055473566055, 4, 40.168216539999776, 322, 86801, 86801, 0.0388212576508522, -0.7455129027366638
519, 7.652487531770021, 2, 30.133704998999747, 240, 87041, 87041, 0.03883372247219086, -0.749140202999115
520, 18.269587870920077, 4, 40.20408965000024, 322, 87363, 87363, 0.0389583595097065, -0.7551580667495728
521, 7.748055350035429, 2, 18.482062453000253, 146, 87509, 87509, 0.03835022449493408, -0.7458343505859375
522, 16.69648284977302, 4, 40.15934710599868, 322, 87831, 87831, 0.03896988928318024, -0.7634698152542114
523, 1.9715659581124783, 2, 8.353526631999557, 64, 87895, 87895, 0.038773998618125916, -0.7520681023597717
524, 12.44800577010028, 2, 27.28162635499939, 218, 88113, 88113, 0.0398067869246006, -0.7572648525238037
525, 15.347214962355793, 4, 40.252676145000805, 323, 88436, 88436, 0.037379924207925797, -0.7498572468757629
526, 1.087759324349463, 2, 5.608938663999652, 41, 88477, 88477, 0.04028253257274628, -0.8092402219772339
527, -0.12867520609870553, 2, 4.2359042140014935, 30, 88507, 88507, 0.036574069410562515, -0.7106612324714661
528, -1.3712311815470457, 2, 4.691839069999332, 34, 88541, 88541, 0.039418548345565796, -0.7708169221878052
529, 6.9205583883449435, 2, 17.10062368400031, 135, 88676, 88676, 0.04059872031211853, -0.75911545753479
530, -0.6211351379752159, 2, 4.697916753000754, 34, 88710, 88710, 0.036291927099227905, -0.8122780323028564
531, 5.409974183887243, 2, 10.676312781999513, 82, 88792, 88792, 0.040922340005636215, -0.7766618132591248
532, 9.722245123120956, 2, 23.767285869998886, 189, 88981, 88981, 0.039423562586307526, -0.7467274069786072
533, 17.821961369132623, 4, 40.264693388000524, 324, 89305, 89305, 0.03889694809913635, -0.7364321351051331
534, 4.398497756337747, 2, 11.27215843599879, 88, 89393, 89393, 0.03805413469672203, -0.7420133948326111
535, 2.8532827915623784, 2, 9.486563858001318, 73, 89466, 89466, 0.03911904990673065, -0.7481337785720825
536, 9.63780965830665, 2, 28.781996598998376, 229, 89695, 89695, 0.03969312086701393, -0.7385150194168091
537, 14.836603295523673, 4, 40.28176787399934, 324, 90019, 90019, 0.03809962421655655, -0.7467427849769592
538, 12.905334350070916, 2, 28.826539151999896, 231, 90250, 90250, 0.03718726336956024, -0.745585560798645
539, 20.2410889249295, 4, 40.25720220000039, 323, 90573, 90573, 0.038655344396829605, -0.7393795847892761
540, 4.032199137059706, 2, 16.284603877000336, 128, 90701, 90701, 0.0393926165997982, -0.75259929895401
541, -2.242233442142606, 2, 4.190562862999286, 30, 90731, 90731, 0.03659111633896828, -0.7398264408111572
542, 3.9395607579499483, 2, 10.67986409399964, 83, 90814, 90814, 0.040726009756326675, -0.7357358336448669
543, -1.7779084113426507, 2, 4.182141054001477, 30, 90844, 90844, 0.03891570493578911, -0.7512730360031128
544, 4.740828787907958, 2, 10.552639581999756, 81, 90925, 90925, 0.03972969949245453, -0.7413884401321411
545, 2.4650777215138078, 2, 14.883992163000585, 117, 91042, 91042, 0.03759482875466347, -0.7579713463783264
546, -1.189037483651191, 2, 4.201777045000199, 30, 91072, 91072, 0.03669970855116844, -0.7586109638214111
547, -0.7603034791536629, 2, 4.279017924998698, 31, 91103, 91103, 0.039899758994579315, -0.7490120530128479
548, 10.800969738629647, 2, 29.219098954999936, 234, 91337, 91337, 0.03782004863023758, -0.7472241520881653
549, 12.204797252896242, 4, 40.236099323001326, 322, 91659, 91659, 0.0387069508433342, -0.7454195022583008
550, 13.655941978329793, 2, 32.076177750999705, 257, 91916, 91916, 0.039334312081336975, -0.74527907371521
551, -0.31126824021339417, 2, 4.203909537000072, 30, 91946, 91946, 0.03830377385020256, -0.7199078798294067
552, 11.619814422097988, 2, 36.30755278600009, 291, 92237, 92237, 0.038505956530570984, -0.7430354952812195
553, 15.677619515685365, 4, 40.19872465099979, 323, 92560, 92560, 0.038193847984075546, -0.7456918954849243
554, -0.691249493509531, 2, 4.531216712999594, 32, 92592, 92592, 0.0368683785200119, -0.7503578662872314
555, 5.024427753407508, 2, 12.367337624000356, 96, 92688, 92688, 0.037278950214385986, -0.7269492149353027
556, 5.709739252459258, 2, 14.870123622000392, 116, 92804, 92804, 0.03805537149310112, -0.7568964958190918
557, 2.9805772490799427, 2, 9.177840162999928, 71, 92875, 92875, 0.040266141295433044, -0.7417091727256775
558, 1.3613690924830735, 2, 8.176315558999704, 62, 92937, 92937, 0.03854639083147049, -0.7318810820579529
559, 12.068692519213073, 2, 27.014096393000727, 215, 93152, 93152, 0.039711710065603256, -0.7401069402694702
560, 7.288673946663039, 2, 24.978089865000584, 199, 93351, 93351, 0.03884536772966385, -0.7317855358123779
561, 6.041586047038436, 2, 12.412413632999233, 96, 93447, 93447, 0.03919884189963341, -0.7403356432914734
562, -0.7114546643570065, 2, 4.938250085000618, 36, 93483, 93483, 0.03895796090364456, -0.7349579334259033
563, -0.8640979914925992, 2, 4.148318036001001, 30, 93513, 93513, 0.0409138947725296, -0.7396785020828247
564, 10.959262238815427, 2, 27.80307047899987, 223, 93736, 93736, 0.03925256431102753, -0.7511685490608215
565, 3.2005825117230415, 2, 12.179692923000403, 95, 93831, 93831, 0.04032181575894356, -0.7344272136688232
566, 2.771946399938315, 2, 17.32868611500089, 137, 93968, 93968, 0.03999188542366028, -0.7425958514213562
567, 6.193361922167242, 2, 24.42410111299978, 194, 94162, 94162, 0.038050103932619095, -0.7402887940406799
568, 15.487531478633173, 4, 40.191582630000994, 322, 94484, 94484, 0.03923604637384415, -0.741570770740509
569, 3.815818320028484, 4, 40.231488307999825, 323, 94807, 94807, 0.03716174140572548, -0.7395079731941223
570, -0.0951748788356781, 2, 4.183287718000429, 30, 94837, 94837, 0.040730562061071396, -0.7789692282676697
571, 13.48195831105113, 2, 26.30467413400038, 209, 95046, 95046, 0.039007145911455154, -0.7450045347213745
572, 1.2325227288529277, 2, 8.46816221500012, 64, 95110, 95110, 0.03794143721461296, -0.7518787980079651
573, 1.6981155169196427, 2, 7.470194283998353, 57, 95167, 95167, 0.03664998710155487, -0.7538633942604065
574, 5.575297786388546, 2, 15.80854357499993, 124, 95291, 95291, 0.03844710439443588, -0.7394258379936218
575, 10.781243019970134, 4, 40.2655070740002, 321, 95612, 95612, 0.038330379873514175, -0.7267351746559143
576, 2.2842532503418624, 2, 10.15942931400059, 78, 95690, 95690, 0.03615538403391838, -0.7339444160461426
577, 7.6808482888154685, 2, 17.774430176999886, 140, 95830, 95830, 0.03805173933506012, -0.7309980392456055
578, -0.33689250564202666, 2, 4.808225519998814, 35, 95865, 95865, 0.03648100420832634, -0.7579960227012634
579, 0.8382903030142188, 2, 6.50149095100096, 49, 95914, 95914, 0.04046807065606117, -0.7345747947692871
580, 14.881768724997528, 2, 34.83899445200041, 279, 96193, 96193, 0.039456289261579514, -0.7279157638549805
581, 15.298033261788078, 4, 40.24916763700094, 321, 96514, 96514, 0.03850138187408447, -0.7313010692596436
582, 15.567112182965502, 4, 40.20961103099944, 322, 96836, 96836, 0.03811217099428177, -0.738449215888977
583, 0.6791632990352809, 2, 6.040676634000192, 45, 96881, 96881, 0.03984352573752403, -0.7421973943710327
584, 10.48093064094428, 4, 40.24958579000122, 323, 97204, 97204, 0.03868316486477852, -0.7416823506355286
585, 3.178945507388562, 2, 10.131994757000939, 78, 97282, 97282, 0.03912093862891197, -0.7182210683822632
586, 14.554198023397475, 2, 36.09789711600024, 289, 97571, 97571, 0.03996899724006653, -0.7359486222267151
587, -0.4013351546600461, 2, 5.957589235998967, 44, 97615, 97615, 0.04128487780690193, -0.7052878737449646
588, 2.637169010937214, 2, 8.840787649998674, 68, 97683, 97683, 0.04048313945531845, -0.7427096366882324
589, 4.855410571675748, 2, 11.554445297000711, 90, 97773, 97773, 0.039698366075754166, -0.7295165061950684
590, 2.428705733269453, 2, 9.464140273999874, 73, 97846, 97846, 0.04255396127700806, -0.7146511077880859
591, 2.2367943096905947, 2, 8.75760547200116, 67, 97913, 97913, 0.04001498967409134, -0.7486712336540222
592, 5.077021051663905, 2, 11.805171640999106, 92, 98005, 98005, 0.03990018740296364, -0.7152031064033508
593, -0.4789202883839607, 2, 4.783840573998532, 34, 98039, 98039, 0.035869382321834564, -0.7405300140380859
594, 10.531278311274946, 2, 25.158261632001086, 200, 98239, 98239, 0.03787422925233841, -0.7255635857582092
595, 3.0228550797328353, 2, 8.165084431999276, 62, 98301, 98301, 0.03903456777334213, -0.6941911578178406
596, 15.509833452058956, 2, 33.560772921000535, 269, 98570, 98570, 0.03902304545044899, -0.7342976331710815
597, 3.7444330386351794, 4, 40.214998649000336, 323, 98893, 98893, 0.03839157521724701, -0.7290316224098206
598, 5.52225913957227, 2, 14.612850951998553, 115, 99008, 99008, 0.04024231433868408, -0.7348651885986328
599, 4.032149700913578, 2, 13.59063049299948, 106, 99114, 99114, 0.03830675408244133, -0.7371147274971008
600, 1.4088043058291078, 2, 6.44503911999891, 48, 99162, 99162, 0.03694117069244385, -0.7219782471656799
601, 14.3318873855751, 4, 40.24145021000004, 323, 99485, 99485, 0.03886456787586212, -0.7352290153503418
602, 0.0637837559916079, 2, 5.701610208001512, 42, 99527, 99527, 0.03630977123975754, -0.7192327380180359
603, -2.9038479570299387, 2, 4.197668691000217, 30, 99557, 99557, 0.036760274320840836, -0.7160174250602722
604, -0.16294813994318247, 2, 4.163076562001152, 30, 99587, 99587, 0.03616173192858696, -0.7062807083129883
605, 4.506466977763921, 2, 12.07308561299942, 94, 99681, 99681, 0.04010198637843132, -0.7415010333061218
606, 0.9397536509204656, 2, 7.540333384000405, 57, 99738, 99738, 0.03840293735265732, -0.7735673189163208
607, 0.6585885104723275, 2, 6.150784945999476, 46, 99784, 99784, 0.0410943329334259, -0.697681188583374
608, 0.6889929212629795, 2, 5.273126386000513, 39, 99823, 99823, 0.03835441172122955, -0.7115415334701538
609, 2.5406081578694284, 2, 10.003169454001181, 77, 99900, 99900, 0.03696385398507118, -0.7220478057861328
610, 8.524900958756916, 2, 20.12353880199953, 160, 100060, 100060, 0.03848821297287941, -0.7396248579025269
611, 2.761455165222287, 2, 9.898096134000298, 76, 100136, 100136, 0.0361468642950058, -0.6984940767288208
612, 3.9892006311565638, 2, 11.975180838000597, 93, 100229, 100229, 0.03793258219957352, -0.7420083284378052
613, 0.04890907322987914, 2, 5.459577626999817, 40, 100269, 100269, 0.03793659433722496, -0.734765887260437
614, 20.237554034101777, 4, 40.244769062999694, 322, 100591, 100591, 0.04052654281258583, -0.7319091558456421
615, 14.49009511177428, 4, 40.258150867999575, 323, 100914, 100914, 0.03985271975398064, -0.7309604287147522
616, 4.161473910789937, 2, 10.866074217999994, 84, 100998, 100998, 0.03933419659733772, -0.6814596056938171
617, 8.17108059884049, 2, 22.152421175998825, 175, 101173, 101173, 0.03829574957489967, -0.7197393178939819
618, 1.1859950246289372, 2, 7.102100738000445, 53, 101226, 101226, 0.03976166620850563, -0.7196328043937683
619, 15.039593612775207, 4, 40.18012493999959, 322, 101548, 101548, 0.03938180208206177, -0.7182540893554688
620, 17.25686599034816, 4, 40.21333065399995, 322, 101870, 101870, 0.038852185010910034, -0.7190378904342651
621, 0.8347073453478515, 2, 5.817213305999758, 43, 101913, 101913, 0.039561375975608826, -0.7159249782562256
622, 3.7420643754303455, 2, 10.561319723999986, 81, 101994, 101994, 0.038465991616249084, -0.7151632905006409
623, 11.659811652381904, 2, 23.618547047000902, 188, 102182, 102182, 0.03903985023498535, -0.7305105328559875
624, -4.165975651238114, 4, 40.26402536999922, 325, 102507, 102507, 0.03819488361477852, -0.7298047542572021
625, 17.02816052082926, 4, 40.230281328000274, 323, 102830, 102830, 0.039369914680719376, -0.7335634827613831
626, 10.773110020672902, 2, 39.05802824300008, 313, 103143, 103143, 0.04009239003062248, -0.7370530962944031
627, -0.9800664372742176, 2, 4.203276860000187, 30, 103173, 103173, 0.04111042246222496, -0.7013484835624695
628, 1.2585191843099892, 2, 6.95376606499849, 52, 103225, 103225, 0.03612781688570976, -0.7477157115936279
629, 6.384652014588937, 2, 25.555901490000906, 203, 103428, 103428, 0.03711983188986778, -0.7209829092025757
630, 1.9136346315499395, 2, 9.338197553999635, 71, 103499, 103499, 0.03629470244050026, -0.7518413066864014
631, 15.378619643393904, 4, 40.285884294000425, 323, 103822, 103822, 0.038640156388282776, -0.737248957157135
632, 6.8389735678210855, 2, 16.095834832000037, 126, 103948, 103948, 0.03966829925775528, -0.729947566986084
633, 3.869954656343907, 2, 18.64370801000041, 147, 104095, 104095, 0.037244923412799835, -0.7228579521179199
634, 10.57938170665875, 2, 21.5784291330001, 171, 104266, 104266, 0.03868358954787254, -0.7321751713752747
635, 11.55748116853647, 2, 24.113828023999304, 192, 104458, 104458, 0.03827119991183281, -0.7396638989448547
636, 4.2573846554150805, 2, 12.091155244999754, 94, 104552, 104552, 0.03864767774939537, -0.7488906383514404
637, -0.8749129504431039, 2, 5.182392500999413, 38, 104590, 104590, 0.03767272084951401, -0.6957402229309082
638, 12.99285965191666, 4, 40.20141371799946, 323, 104913, 104913, 0.038301751017570496, -0.7323065400123596
639, 2.1088225678540766, 2, 7.047185352001179, 53, 104966, 104966, 0.04115930199623108, -0.725691020488739
640, 3.7097300786990672, 2, 10.969856914000047, 85, 105051, 105051, 0.04005296900868416, -0.7194216251373291
641, 3.0016195070929825, 2, 10.599296896998567, 82, 105133, 105133, 0.03878462314605713, -0.718299150466919
642, 5.976332436082885, 2, 26.025466360999417, 207, 105340, 105340, 0.03904055804014206, -0.7290883660316467
643, 16.640690685715526, 4, 40.18950067300102, 322, 105662, 105662, 0.03956194221973419, -0.7246164083480835
644, 7.683837978634983, 2, 18.91810233799879, 149, 105811, 105811, 0.03801371902227402, -0.7034340500831604
645, 14.490038909949362, 4, 40.16997998400075, 321, 106132, 106132, 0.037970516830682755, -0.7224396467208862
646, 17.365140920854174, 2, 32.55671208300009, 258, 106390, 106390, 0.0385371558368206, -0.7321414947509766
647, 13.519940962898545, 2, 31.347479160000148, 250, 106640, 106640, 0.03729800879955292, -0.7316550016403198
648, 7.1589713408611715, 4, 40.229698537999866, 322, 106962, 106962, 0.03710434213280678, -0.7265757918357849
649, 14.69608293287456, 4, 40.30964324500019, 321, 107283, 107283, 0.03854590654373169, -0.733502984046936
650, -1.0843107227701694, 2, 4.176964352998766, 30, 107313, 107313, 0.037820372730493546, -0.721528172492981
651, 1.3753475453704596, 2, 6.313757570000234, 47, 107360, 107360, 0.04017171636223793, -0.7365076541900635
652, 18.716625839588232, 4, 40.1722189359989, 322, 107682, 107682, 0.038256220519542694, -0.7312425374984741
653, 13.060008295578882, 2, 32.739682625999194, 261, 107943, 107943, 0.03936803340911865, -0.7234245538711548
654, 19.88961529918015, 4, 40.277112352001495, 322, 108265, 108265, 0.03722330555319786, -0.7199328541755676
655, 5.733827650081366, 2, 12.582119507000243, 98, 108363, 108363, 0.03567200154066086, -0.7087574601173401
656, 8.356016648118384, 2, 38.76470015199993, 311, 108674, 108674, 0.03825726732611656, -0.7374249696731567
657, -0.24676995654590428, 2, 4.224978037000255, 30, 108704, 108704, 0.03835894912481308, -0.7768938541412354
658, 3.7264432944357395, 2, 10.17288102999919, 79, 108783, 108783, 0.0392821803689003, -0.7569800019264221
659, 15.271538907894865, 2, 28.958736303999103, 231, 109014, 109014, 0.038189858198165894, -0.7251133322715759
660, 8.534069667337462, 2, 20.505153898999197, 161, 109175, 109175, 0.0390833280980587, -0.7234784960746765
661, 16.127777374815196, 2, 36.34296077399995, 290, 109465, 109465, 0.038013823330402374, -0.715251088142395
662, -0.9071457218378782, 2, 5.043424759000118, 37, 109502, 109502, 0.03743377700448036, -0.7504984140396118
663, 6.704882491845638, 2, 14.503350517001309, 113, 109615, 109615, 0.03700022026896477, -0.7191168665885925
664, 0.0912844818085432, 2, 5.445157653000933, 40, 109655, 109655, 0.03917590528726578, -0.719308078289032
665, 9.558429879834875, 2, 25.818431112000326, 205, 109860, 109860, 0.037861648947000504, -0.7229823470115662
666, 9.247976214857772, 4, 40.26979639400088, 323, 110183, 110183, 0.03822788596153259, -0.725955605506897
667, 17.69808691868093, 4, 40.27276129799975, 322, 110505, 110505, 0.039023272693157196, -0.731647789478302
668, 1.6118606384843588, 2, 6.180117128000347, 46, 110551, 110551, 0.03733527287840843, -0.6933935880661011
669, 2.038079550024122, 2, 14.003853884998534, 109, 110660, 110660, 0.03802330046892166, -0.7369781136512756
670, 22.437465487746522, 4, 40.23179456099933, 322, 110982, 110982, 0.03882892057299614, -0.7315248250961304
671, 1.2208784646354616, 2, 6.402414999998655, 48, 111030, 111030, 0.04066699743270874, -0.7263507843017578
672, 6.946292606880888, 2, 19.223567283999728, 151, 111181, 111181, 0.0373959019780159, -0.7324679493904114
673, 0.49026881624013186, 2, 4.791951481000069, 35, 111216, 111216, 0.03916211053729057, -0.7049325108528137
674, 14.843383775441907, 2, 33.95510943699992, 271, 111487, 111487, 0.038188330829143524, -0.7227537631988525
675, 5.884271356044337, 2, 20.955485455999224, 166, 111653, 111653, 0.03786635771393776, -0.7318468689918518
676, -0.12926687626168132, 2, 5.232912698000291, 38, 111691, 111691, 0.04013735055923462, -0.6913240551948547
677, 0.9784587883623317, 2, 6.436962364999999, 48, 111739, 111739, 0.03734744340181351, -0.7399181723594666
678, 17.251631218357943, 4, 40.230129525998564, 323, 112062, 112062, 0.03901919722557068, -0.7373583316802979
679, 10.50871839094907, 2, 19.3415779879997, 152, 112214, 112214, 0.037760261446237564, -0.7087562084197998
680, 0.7228315505199134, 2, 6.176336516000447, 46, 112260, 112260, 0.038969267159700394, -0.7194667458534241
681, 16.08201372716576, 4, 40.52521375700053, 324, 112584, 112584, 0.03757414221763611, -0.7348377108573914
682, 1.161241872701794, 2, 26.581519094001123, 212, 112796, 112796, 0.0384555459022522, -0.7068325877189636
