episode, reward, success, duration, steps, total_steps, memory length, avg_critic_loss, avg_actor_loss
1, 195.6887052282691, 4, 40.16060154700244, 331, 15316, 15316, 0.4213666319847107, -8.755147933959961
2, 177.73967260867357, 4, 40.182524015002855, 328, 15644, 15644, 0.41809797286987305, -8.984074592590332
3, 164.48847000300884, 2, 39.351248562001274, 320, 15964, 15964, 0.41334089636802673, -9.277688026428223
4, 173.3377422085032, 4, 40.11833072999798, 328, 16292, 16292, 0.40970543026924133, -9.447680473327637
5, 162.45202806591988, 4, 40.09396893599842, 329, 16621, 16621, 0.3952803611755371, -9.684361457824707
6, 156.56242698896676, 4, 40.17564580399994, 329, 16950, 16950, 0.38316673040390015, -9.887162208557129
7, 156.19764059735462, 4, 40.083604815998115, 326, 17276, 17276, 0.37735089659690857, -10.024209976196289
8, 165.0702149644494, 4, 40.162652180002624, 330, 17606, 17606, 0.37035414576530457, -10.230605125427246
9, 148.73341618850827, 4, 40.14874099900044, 327, 17933, 17933, 0.3665219843387604, -10.364166259765625
10, 168.79890386015177, 4, 40.154928174000815, 329, 18262, 18262, 0.3901573121547699, -10.522161483764648
11, 170.62041853368282, 4, 40.12972761000128, 328, 18590, 18590, 0.3765190839767456, -10.645837783813477
12, 135.86504445225, 4, 40.16620342299939, 328, 18918, 18918, 0.3778757154941559, -10.74406623840332
13, 164.26064488652628, 4, 40.075285352999344, 327, 19245, 19245, 0.3930332362651825, -10.90239429473877
14, 169.15844539777754, 4, 40.12171748699984, 327, 19572, 19572, 0.38990795612335205, -11.08403491973877
15, 160.20426052063704, 4, 40.16880983599913, 331, 19903, 19903, 0.3857283890247345, -11.213006973266602
16, 166.8666743710637, 4, 40.0674841, 328, 20231, 20231, 0.3843649923801422, -11.370936393737793
17, 159.52578439190984, 4, 40.14639518900003, 330, 20561, 20561, 0.39707887172698975, -11.479171752929688
18, 161.80622719647363, 4, 40.07548591399973, 330, 20891, 20891, 0.37947168946266174, -11.717464447021484
19, 165.98250487446785, 4, 40.07372753099844, 330, 21221, 21221, 0.3795400559902191, -11.8318452835083
20, 160.95526384562254, 4, 40.097606833998725, 330, 21551, 21551, 0.3925294280052185, -11.981922149658203
21, 172.08593014650978, 4, 40.18057051000142, 331, 21882, 21882, 0.40640687942504883, -12.131792068481445
22, 149.53069182563922, 4, 40.122562791002565, 330, 22212, 22212, 0.4154807925224304, -12.323986053466797
23, 164.0771596841514, 4, 40.153187452000566, 328, 22540, 22540, 0.3946382403373718, -12.479223251342773
24, 160.11263730423525, 4, 40.1151522020009, 330, 22870, 22870, 0.42161425948143005, -12.593329429626465
25, 160.79106436483562, 4, 40.16166131100181, 330, 23200, 23200, 0.3891572952270508, -12.626017570495605
26, 169.92381553724408, 4, 40.15531153499978, 330, 23530, 23530, 0.41049787402153015, -12.827714920043945
27, 161.11803997380412, 4, 40.13152113400065, 330, 23860, 23860, 0.41685083508491516, -12.982690811157227
28, 154.72032341733575, 4, 40.088479761998315, 330, 24190, 24190, 0.4398968815803528, -13.160727500915527
29, 165.77654794231057, 4, 40.09363246800058, 330, 24520, 24520, 0.4068099558353424, -13.329157829284668
30, 153.66831327974796, 4, 40.08220262299801, 330, 24850, 24850, 0.40469375252723694, -13.432806968688965
31, 163.6537312415894, 4, 40.10831644299833, 330, 25180, 25180, 0.43641647696495056, -13.5466947555542
32, 158.76680300571024, 4, 40.144958455999586, 330, 25510, 25510, 0.41082361340522766, -13.682941436767578
33, 167.2644127300009, 4, 40.139880013997754, 330, 25840, 25840, 0.39656293392181396, -13.884757995605469
34, 163.22947387280874, 4, 40.10836713000026, 330, 26170, 26170, 0.42093509435653687, -13.982574462890625
35, 164.82001473754644, 4, 40.16175772399947, 331, 26501, 26501, 0.4457467198371887, -14.131884574890137
36, 169.93883305042982, 4, 40.16953060599917, 330, 26831, 26831, 0.41099464893341064, -14.267129898071289
37, 171.82685093022883, 4, 40.149109039000905, 330, 27161, 27161, 0.4367431104183197, -14.411349296569824
38, 167.51343447621912, 4, 40.16162738700223, 331, 27492, 27492, 0.4397535026073456, -14.54557991027832
39, 4.992953188717365, 2, 9.39944860900141, 74, 27566, 27566, 0.4250867962837219, -14.566998481750488
40, 149.04968535155058, 4, 40.09283006199985, 330, 27896, 27896, 0.42173224687576294, -14.686604499816895
41, 165.55534076876938, 4, 40.15772097900117, 330, 28226, 28226, 0.40676745772361755, -14.795238494873047
42, 147.57355219172314, 4, 40.13414336599817, 330, 28556, 28556, 0.448018342256546, -14.841888427734375
43, 122.3543558884412, 4, 40.175789892000466, 330, 28886, 28886, 0.40365684032440186, -14.9536714553833
44, 125.0489982329309, 4, 40.08019027000046, 329, 29215, 29215, 0.4255843758583069, -15.137275695800781
45, 150.498636379838, 4, 40.09867777999898, 329, 29544, 29544, 0.42198270559310913, -15.225517272949219
46, 156.3998697400093, 4, 40.184175524998864, 330, 29874, 29874, 0.3914933502674103, -15.4180326461792
47, 162.25894773751497, 4, 40.150761677003175, 327, 30201, 30201, 0.40034550428390503, -15.49608325958252
48, 161.41007397603244, 4, 40.09303377700053, 330, 30531, 30531, 0.42772239446640015, -15.566497802734375
49, 170.25043603140512, 4, 40.114066824000474, 328, 30859, 30859, 0.41499626636505127, -15.74255084991455
50, 163.70303165912628, 4, 40.12394113700066, 329, 31188, 31188, 0.39857858419418335, -15.987883567810059
51, 128.1898842304945, 4, 40.17278199900102, 330, 31518, 31518, 0.4517175257205963, -16.058870315551758
52, 153.47506273165345, 4, 40.117871811999066, 330, 31848, 31848, 0.4396016299724579, -16.142658233642578
53, 160.34234446287155, 4, 40.1271463890007, 330, 32178, 32178, 0.42916709184646606, -16.28831672668457
54, 161.4948268160224, 4, 40.07614737199765, 329, 32507, 32507, 0.40168479084968567, -16.44408416748047
55, 173.4272904023528, 4, 40.12506621300054, 330, 32837, 32837, 0.43367525935173035, -16.583803176879883
56, 148.25023971498013, 4, 40.14757022000049, 327, 33164, 33164, 0.4301605820655823, -16.688072204589844
57, 160.4134936630726, 4, 40.16476462799983, 330, 33494, 33494, 0.4458981454372406, -16.795251846313477
58, 155.87361451983452, 4, 40.085812042001635, 330, 33824, 33824, 0.4617012143135071, -17.00522232055664
59, 167.58909054100513, 4, 40.126501568000094, 330, 34154, 34154, 0.42626306414604187, -17.07938003540039
60, 137.12730855494738, 4, 40.14693099099895, 330, 34484, 34484, 0.4154398739337921, -17.16326141357422
61, 157.36214987933636, 4, 40.0714881519998, 329, 34813, 34813, 0.4345596134662628, -17.32240867614746
62, 162.2410858720541, 4, 40.13402528000006, 329, 35142, 35142, 0.41513529419898987, -17.406635284423828
63, 172.35166094079614, 4, 40.1244966560007, 329, 35471, 35471, 0.42184749245643616, -17.55632209777832
64, 148.2588603598997, 4, 40.192950832999486, 331, 35802, 35802, 0.4274788498878479, -17.674537658691406
65, 160.76890188083053, 4, 40.13766051700077, 329, 36131, 36131, 0.46929773688316345, -17.845548629760742
66, 155.1810005865991, 4, 40.112373103998834, 329, 36460, 36460, 0.452531635761261, -17.919904708862305
67, 156.7192395143211, 4, 40.132944345001306, 330, 36790, 36790, 0.4407845735549927, -18.04362678527832
68, 164.26410142704844, 4, 40.07679865300088, 329, 37119, 37119, 0.4484933316707611, -18.181468963623047
69, 169.68072679638863, 4, 40.16549691899854, 330, 37449, 37449, 0.4473166763782501, -18.37267303466797
70, 160.25446700304747, 4, 40.111032053999224, 329, 37778, 37778, 0.46105387806892395, -18.432785034179688
71, 139.68406874418724, 4, 40.08413030900192, 329, 38107, 38107, 0.4381009340286255, -18.551433563232422
72, 147.86309630796313, 4, 40.130714442999306, 330, 38437, 38437, 0.4314269423484802, -18.751541137695312
73, 155.64300391823053, 4, 40.13355870599844, 330, 38767, 38767, 0.4668745994567871, -18.76266098022461
74, 168.12596694380045, 4, 40.10072263500115, 329, 39096, 39096, 0.413982629776001, -18.994291305541992
75, 171.07306530326605, 4, 40.06638186700002, 329, 39425, 39425, 0.4436023235321045, -19.007387161254883
76, 166.09648456424475, 4, 40.124704157999076, 330, 39755, 39755, 0.4327146112918854, -19.19153594970703
77, 164.9127872713143, 4, 40.10966359500162, 330, 40085, 40085, 0.43651294708251953, -19.215198516845703
78, 170.4774569454894, 4, 40.13264165699729, 330, 40415, 40415, 0.44771137833595276, -19.513931274414062
79, 151.35342279076576, 4, 40.18280627599961, 329, 40744, 40744, 0.46432361006736755, -19.505054473876953
80, 178.50726914405823, 4, 40.096029442000145, 330, 41074, 41074, 0.46201929450035095, -19.628368377685547
81, 158.96296921372414, 4, 40.11575759200059, 329, 41403, 41403, 0.5023728609085083, -19.692646026611328
82, 158.57791754230857, 4, 40.170643468998605, 330, 41733, 41733, 0.471743643283844, -19.80599021911621
83, 160.68326015025377, 4, 40.096906131999276, 328, 42061, 42061, 0.4295952618122101, -19.878902435302734
84, 171.04665802625823, 4, 40.14161205600249, 330, 42391, 42391, 0.45894891023635864, -20.102821350097656
85, 180.89507587254047, 4, 40.168667257999914, 328, 42719, 42719, 0.44892367720603943, -20.220947265625
86, 144.87416180036962, 4, 40.11838622399955, 329, 43048, 43048, 0.49722781777381897, -20.284900665283203
87, 171.65078818053007, 4, 40.06168501200227, 329, 43377, 43377, 0.4550972878932953, -20.42335319519043
88, 167.05280400067568, 4, 40.10983435899834, 329, 43706, 43706, 0.5004066228866577, -20.538515090942383
89, 175.5958747714758, 4, 40.15507060800155, 329, 44035, 44035, 0.4485037624835968, -20.6676082611084
90, 150.92123380303383, 4, 40.141623980001896, 329, 44364, 44364, 0.4379529058933258, -20.7836856842041
91, 170.89895768463612, 4, 40.08501371099919, 329, 44693, 44693, 0.46352633833885193, -20.840328216552734
92, 157.95567159354687, 4, 40.09660867899947, 329, 45022, 45022, 0.49174976348876953, -21.0272216796875
93, 192.60545828193426, 4, 40.153858438003226, 329, 45351, 45351, 0.4350883662700653, -21.131040573120117
94, 162.07805769890547, 4, 40.168206977999944, 329, 45680, 45680, 0.49130818247795105, -21.285951614379883
95, 161.84446409344673, 4, 40.1248482459996, 329, 46009, 46009, 0.46351373195648193, -21.334823608398438
96, 175.0761523693218, 4, 40.08618521899916, 329, 46338, 46338, 0.44625693559646606, -21.439313888549805
97, 164.87068559229374, 4, 40.12579816900325, 328, 46666, 46666, 0.4476844072341919, -21.62017822265625
98, 184.97702631354332, 4, 40.130395522999606, 330, 46996, 46996, 0.4902328848838806, -21.716672897338867
99, 163.66150333732367, 4, 40.05879195899979, 329, 47325, 47325, 0.4912748336791992, -21.797988891601562
100, 147.26829782128334, 4, 40.10293399399961, 327, 47652, 47652, 0.4592147171497345, -21.82890510559082
101, 176.05510922100802, 4, 40.15313385400077, 330, 47982, 47982, 0.5184805393218994, -22.020505905151367
102, 179.9335978627205, 4, 40.07088527799715, 329, 48311, 48311, 0.48275530338287354, -22.119728088378906
103, 162.70353582501411, 4, 40.11178636400291, 329, 48640, 48640, 0.5005759596824646, -22.168174743652344
104, 170.64343090355396, 4, 40.130956024000625, 330, 48970, 48970, 0.465803861618042, -22.354928970336914
105, 168.11048992723227, 4, 40.147648684996966, 329, 49299, 49299, 0.46427759528160095, -22.46146583557129
106, 164.74499025940895, 4, 40.10136969299856, 329, 49628, 49628, 0.5057649612426758, -22.550098419189453
107, 161.95053631812334, 4, 40.14598622899939, 330, 49958, 49958, 0.4616842567920685, -22.595726013183594
108, 171.63644737750292, 4, 40.14755726599833, 330, 50288, 50288, 0.4869134724140167, -22.791744232177734
109, 168.97595150768757, 4, 40.10510135099685, 329, 50617, 50617, 0.4945020079612732, -22.919921875
110, 166.33022387325764, 4, 40.19617178199769, 330, 50947, 50947, 0.4740760922431946, -23.051210403442383
111, 168.95054683834314, 4, 40.06949371000155, 329, 51276, 51276, 0.507731020450592, -23.23621368408203
112, 179.96728662773967, 4, 40.18162369700076, 330, 51606, 51606, 0.4817843735218048, -23.283235549926758
113, 175.80599799007177, 4, 40.16060121299961, 330, 51936, 51936, 0.479552298784256, -23.424596786499023
114, 162.88124495185912, 4, 40.132171563000156, 329, 52265, 52265, 0.5002776384353638, -23.581499099731445
115, 169.42406672239304, 4, 40.10289432400168, 328, 52593, 52593, 0.508470892906189, -23.55393409729004
116, 171.80353028327227, 4, 40.179657462998875, 327, 52920, 52920, 0.5280584692955017, -23.737842559814453
117, 91.55879128351808, 2, 23.644133567002427, 192, 53112, 53112, 0.5029208064079285, -23.739717483520508
118, 170.8974316045642, 4, 40.14533046299766, 328, 53440, 53440, 0.5084092617034912, -23.814489364624023
119, 156.5380993783474, 4, 40.135729609999544, 330, 53770, 53770, 0.4811968207359314, -24.04866600036621
120, 165.3969166725874, 4, 40.139590085000236, 329, 54099, 54099, 0.5061824321746826, -24.05596351623535
121, 170.77647390961647, 4, 40.0770726189985, 328, 54427, 54427, 0.5085357427597046, -24.18739128112793
122, 175.17761842533946, 4, 40.15501842000231, 329, 54756, 54756, 0.5156733989715576, -24.29684066772461
123, 170.296726167202, 4, 40.116882798000006, 329, 55085, 55085, 0.5112147927284241, -24.396820068359375
124, 187.75288369506598, 4, 40.08488311600013, 329, 55414, 55414, 0.5059096217155457, -24.54039192199707
125, 3.4801087453961372, 2, 4.855750552000245, 36, 55450, 55450, 0.520309329032898, -24.84759521484375
126, 189.53617061674595, 4, 40.071127363000414, 328, 55778, 55778, 0.5142367482185364, -24.66240119934082
127, 18.71705010533333, 2, 8.005934242999501, 62, 55840, 55840, 0.5614256262779236, -24.639360427856445
128, 172.07624808326364, 4, 40.16115469899887, 329, 56169, 56169, 0.5045866370201111, -24.563249588012695
129, -6.300291899591684, 2, 4.870924582999578, 36, 56205, 56205, 0.5260194540023804, -24.617860794067383
130, 176.32638206426054, 4, 40.075487295998755, 328, 56533, 56533, 0.5720375180244446, -24.723588943481445
131, 170.3336599767208, 4, 40.0756110479997, 329, 56862, 56862, 0.5384783744812012, -24.763696670532227
132, 1.4400185197591782, 2, 4.145948216999386, 30, 56892, 56892, 0.601369321346283, -24.66506576538086
133, 192.70216182712466, 4, 40.17582322699673, 328, 57220, 57220, 0.552532434463501, -24.946847915649414
134, 180.20509937571478, 4, 40.123083405000216, 329, 57549, 57549, 0.55916827917099, -25.04323387145996
135, 192.0351952072233, 4, 40.074803300001804, 329, 57878, 57878, 0.5579513907432556, -25.071847915649414
136, 175.74653028696775, 4, 40.05653944799997, 329, 58207, 58207, 0.5485407114028931, -25.229127883911133
137, 183.65301969647408, 4, 40.095372635001695, 328, 58535, 58535, 0.571261465549469, -25.31435203552246
138, 175.18997561186552, 4, 40.16815337300068, 328, 58863, 58863, 0.5348571538925171, -25.29474639892578
139, 159.06841205060482, 4, 40.160622719002276, 329, 59192, 59192, 0.5833284258842468, -25.431655883789062
140, 142.05981676280499, 4, 40.08293400800176, 329, 59521, 59521, 0.5414902567863464, -25.49053955078125
141, 169.4726023003459, 4, 40.09240942299948, 328, 59849, 59849, 0.564715564250946, -25.621061325073242
142, -1.1763162314891815, 2, 4.200311896001949, 30, 59879, 59879, 0.5254656672477722, -25.810373306274414
143, 192.1820778301917, 4, 40.13221780399908, 329, 60208, 60208, 0.5694916844367981, -25.670141220092773
144, 166.59532533586025, 4, 40.12627433799935, 328, 60536, 60536, 0.564043402671814, -25.648685455322266
145, -1.4709897637367249, 2, 4.121213271999295, 30, 60566, 60566, 0.43846169114112854, -25.854740142822266
146, 176.13398031890392, 4, 40.08640253200065, 328, 60894, 60894, 0.5916726589202881, -25.768089294433594
147, -1.962207019329071, 2, 4.133169021002686, 30, 60924, 60924, 0.49276676774024963, -25.602067947387695
148, 166.91095399856567, 4, 40.13195297800121, 329, 61253, 61253, 0.5647935271263123, -25.833532333374023
149, 172.5314639135354, 4, 40.08122490800088, 329, 61582, 61582, 0.5437607169151306, -25.862091064453125
150, 158.62471328675747, 4, 40.15198555299867, 329, 61911, 61911, 0.5535852313041687, -25.939281463623047
151, 173.51110821962357, 4, 40.095729266999115, 329, 62240, 62240, 0.6168631315231323, -26.067596435546875
152, 186.58624704818067, 4, 40.09717202899992, 329, 62569, 62569, 0.6040921807289124, -26.10884666442871
153, 170.3977008536458, 4, 40.181254723000166, 329, 62898, 62898, 0.5642709732055664, -26.249465942382812
154, 166.98485589027405, 4, 40.182641207000415, 330, 63228, 63228, 0.5857927799224854, -26.394868850708008
155, 165.0448742955923, 4, 40.13205491500048, 329, 63557, 63557, 0.5662776231765747, -26.36096954345703
156, 143.30192786455154, 4, 40.097425583000586, 329, 63886, 63886, 0.5459327101707458, -26.531484603881836
157, 165.51087256520987, 4, 40.09805633900032, 329, 64215, 64215, 0.5823153257369995, -26.521974563598633
158, 179.1848464673385, 4, 40.18725965900012, 330, 64545, 64545, 0.5934709906578064, -26.58684539794922
159, 161.58001056313515, 4, 40.100966873997095, 329, 64874, 64874, 0.5642134547233582, -26.78424835205078
160, 161.13824176043272, 4, 40.102783959999215, 329, 65203, 65203, 0.5765553116798401, -26.789026260375977
161, 167.22459660470486, 4, 40.13105479000296, 329, 65532, 65532, 0.5760859251022339, -26.80056381225586
162, 163.1540450528264, 4, 40.12622533800095, 329, 65861, 65861, 0.5782250165939331, -27.083702087402344
163, 166.61575098335743, 4, 40.49747439899875, 332, 66193, 66193, 0.5923997759819031, -26.919872283935547
164, 165.50825943797827, 4, 40.107586305999575, 329, 66522, 66522, 0.5750722885131836, -27.09688377380371
165, 171.60976342856884, 4, 40.098615687002166, 329, 66851, 66851, 0.6160610914230347, -27.18111228942871
166, 175.98152123391628, 4, 40.17221704199983, 329, 67180, 67180, 0.5919400453567505, -27.231599807739258
167, 176.0041330009699, 4, 40.15420897799777, 329, 67509, 67509, 0.5542641878128052, -27.369028091430664
168, 179.02106458693743, 4, 40.103966769002, 329, 67838, 67838, 0.5519435405731201, -27.447708129882812
169, 169.14425264298916, 4, 40.111768557002506, 329, 68167, 68167, 0.5421608090400696, -27.503019332885742
170, 177.8067903444171, 4, 40.11309324299873, 329, 68496, 68496, 0.5408579707145691, -27.622224807739258
171, 180.27502896054648, 4, 40.110852639998484, 329, 68825, 68825, 0.5680171847343445, -27.79579734802246
172, 158.45245411247015, 4, 40.11576945300112, 328, 69153, 69153, 0.5882499814033508, -27.88508415222168
173, 153.68611402068927, 4, 40.17192479900041, 329, 69482, 69482, 0.5445907711982727, -27.98092269897461
174, 172.3569151610136, 4, 40.16683993799961, 330, 69812, 69812, 0.53388512134552, -28.078676223754883
175, 163.29865195602179, 4, 40.1267979080003, 329, 70141, 70141, 0.5557692050933838, -28.120454788208008
176, 156.67459392547607, 4, 40.15464760299801, 329, 70470, 70470, 0.584179699420929, -28.18824577331543
177, 176.7437196969986, 4, 40.12546401399959, 330, 70800, 70800, 0.5846203565597534, -28.398839950561523
178, 175.51178167015314, 4, 40.11424250300115, 329, 71129, 71129, 0.5477739572525024, -28.41948890686035
179, 160.41383603215218, 4, 40.177689649997774, 329, 71458, 71458, 0.5462992787361145, -28.851648330688477
180, 182.05112770199776, 4, 40.12497695899947, 329, 71787, 71787, 0.5560135245323181, -28.899660110473633
181, 186.1610285975039, 4, 40.14984670999911, 329, 72116, 72116, 0.5916725993156433, -28.88306427001953
182, 185.64142004400492, 4, 40.15048343699891, 329, 72445, 72445, 0.5673407912254333, -28.928298950195312
183, 179.94145366549492, 4, 40.09469325200189, 329, 72774, 72774, 0.6122189164161682, -28.97248077392578
184, 185.2531893849373, 4, 40.109559729000466, 329, 73103, 73103, 0.6030640006065369, -28.947111129760742
185, 182.88811791688204, 4, 40.1090793350013, 329, 73432, 73432, 0.6769173741340637, -29.17854118347168
186, 181.93172708898783, 4, 40.07990007499757, 329, 73761, 73761, 0.6090012788772583, -29.115243911743164
187, 211.24626286843704, 4, 40.14042272900042, 326, 74087, 74087, 0.6359647512435913, -29.175966262817383
188, 180.07272508367896, 4, 40.13391595399662, 329, 74416, 74416, 0.6367577314376831, -29.19402503967285
189, 194.92072984203696, 4, 40.07476284400036, 329, 74745, 74745, 0.6932627558708191, -29.19698715209961
190, 171.54054098576307, 4, 40.15794843000185, 327, 75072, 75072, 0.7087891101837158, -29.281789779663086
191, 7.246155330067268, 2, 4.713087369997083, 35, 75107, 75107, 0.5430732369422913, -29.270071029663086
192, 173.0395027808845, 4, 40.13594783100052, 329, 75436, 75436, 0.7360320091247559, -29.167692184448242
193, 186.01173205673695, 4, 40.16322110799956, 329, 75765, 75765, 0.7225301861763, -29.095142364501953
194, 126.00969833135605, 4, 40.103493428003276, 329, 76094, 76094, 0.7861416339874268, -29.17122459411621
195, 88.86482722312212, 2, 21.50532409600055, 172, 76266, 76266, 0.7442521452903748, -29.271791458129883
196, 210.64326694142073, 4, 40.1343158799973, 329, 76595, 76595, 0.7575772404670715, -29.221744537353516
197, 13.660552978515625, 2, 6.208725399003015, 47, 76642, 76642, 0.7574635744094849, -29.45579719543457
198, 7.303209710866213, 2, 6.430213341001945, 49, 76691, 76691, 0.7600793838500977, -29.493846893310547
199, 10.797673013061285, 2, 6.557082187999185, 50, 76741, 76741, 0.7850026488304138, -29.317834854125977
200, 3.5521341413259506, 2, 4.845343985998625, 36, 76777, 76777, 0.7456106543540955, -29.03204345703125
201, 200.83938660752028, 4, 40.130983209997794, 328, 77105, 77105, 0.7853964567184448, -29.244781494140625
202, 184.01637273095548, 4, 40.10543636500006, 329, 77434, 77434, 0.838350236415863, -29.146238327026367
203, 185.45707165449858, 4, 40.171252729000116, 329, 77763, 77763, 0.8256479501724243, -29.17304229736328
204, 201.2407907396555, 4, 40.08654999200007, 328, 78091, 78091, 0.8613760471343994, -29.083595275878906
205, 1.910604141652584, 2, 4.381435018000047, 32, 78123, 78123, 0.8946337103843689, -29.256074905395508
206, 180.33908727020025, 2, 33.54704548200243, 273, 78396, 78396, 0.8650427460670471, -29.19831657409668
207, 153.3612626194954, 4, 40.10505463600202, 329, 78725, 78725, 0.9255911707878113, -28.947330474853516
208, 5.935564428567886, 2, 5.346317235002061, 40, 78765, 78765, 0.9089241027832031, -29.166812896728516
209, 192.8119833767414, 4, 40.125217956003326, 328, 79093, 79093, 0.9670287370681763, -29.0354061126709
210, 183.1278476715088, 4, 40.19884183000249, 329, 79422, 79422, 0.9515714645385742, -29.090496063232422
211, 17.525126665830612, 2, 8.168065290003142, 63, 79485, 79485, 0.8529757857322693, -29.20832633972168
212, 112.2481180690229, 2, 27.3044232750035, 222, 79707, 79707, 0.9496098160743713, -29.09044075012207
213, 3.379836735781282, 2, 5.560342921002302, 42, 79749, 79749, 0.9079468250274658, -29.193161010742188
214, 55.99457502365112, 2, 14.04662604600162, 112, 79861, 79861, 0.9470211863517761, -29.027299880981445
215, 180.8275677114725, 4, 40.172608675995434, 329, 80190, 80190, 0.996246337890625, -29.083648681640625
216, 16.37448736280203, 2, 8.48507757599873, 66, 80256, 80256, 0.9697629809379578, -29.172626495361328
217, 197.11084663122892, 4, 40.10530116999871, 328, 80584, 80584, 1.0465105772018433, -29.0748348236084
218, 191.27472697384655, 4, 40.071607437996136, 328, 80912, 80912, 1.0621092319488525, -28.976396560668945
219, 6.016319788992405, 2, 5.364106597997306, 40, 80952, 80952, 1.0507768392562866, -28.86801528930664
220, 3.4814737513661385, 2, 6.047889165995002, 46, 80998, 80998, 1.0928893089294434, -28.79909896850586
221, 139.51416433695704, 2, 33.38184988399735, 273, 81271, 81271, 1.0931578874588013, -29.067880630493164
222, 69.91687009579618, 2, 17.96297628100001, 143, 81414, 81414, 1.10612154006958, -28.863082885742188
223, 0.9114384651184082, 2, 6.881344430999889, 52, 81466, 81466, 1.1882822513580322, -28.90753173828125
224, 3.2880705446004868, 2, 5.861558316995797, 44, 81510, 81510, 1.0307189226150513, -28.795032501220703
225, 204.35086941206828, 4, 40.11253720500099, 327, 81837, 81837, 1.1629658937454224, -28.77810287475586
226, 4.61499547958374, 2, 7.350092984001094, 57, 81894, 81894, 1.2652196884155273, -28.864051818847656
227, 88.76372572779655, 2, 22.548472171998583, 183, 82077, 82077, 1.1953502893447876, -28.623546600341797
228, 37.50034002959728, 2, 10.952623957004107, 86, 82163, 82163, 1.2018074989318848, -28.683698654174805
229, 191.24684065580368, 4, 40.13701049800147, 328, 82491, 82491, 1.2683058977127075, -28.725309371948242
230, 3.5950932651758194, 2, 5.950802346000273, 45, 82536, 82536, 1.2763385772705078, -28.927270889282227
231, 201.4681387245655, 4, 40.06686528099817, 328, 82864, 82864, 1.2855111360549927, -28.4467716217041
232, 3.08724956959486, 2, 4.745637431995419, 35, 82899, 82899, 1.3022905588150024, -28.58091926574707
233, 154.59080506116152, 4, 40.09560720299487, 329, 83228, 83228, 1.3052122592926025, -28.329715728759766
234, 169.0686787366867, 4, 40.06551194799977, 327, 83555, 83555, 1.3231030702590942, -28.379243850708008
235, 207.88766761124134, 4, 40.11623829299788, 328, 83883, 83883, 1.3157415390014648, -28.335405349731445
236, 128.3494918141514, 2, 28.887511900997197, 235, 84118, 84118, 1.3896896839141846, -28.301286697387695
237, 197.91392683796585, 4, 40.08393733399862, 327, 84445, 84445, 1.4104852676391602, -28.20079231262207
238, 170.61465999484062, 4, 40.172179624998535, 329, 84774, 84774, 1.4494457244873047, -28.192359924316406
239, 6.980286106467247, 2, 5.576411099005782, 42, 84816, 84816, 1.363384485244751, -27.82147789001465
240, 181.75544038414955, 4, 40.09671537599934, 328, 85144, 85144, 1.4962749481201172, -27.85090446472168
241, 186.23518455028534, 4, 40.16466879600193, 328, 85472, 85472, 1.460567593574524, -27.933542251586914
242, 179.23256316781044, 4, 40.092131322999194, 328, 85800, 85800, 1.4779458045959473, -28.022071838378906
243, 136.10696821659803, 2, 29.960237051003787, 241, 86041, 86041, 1.482181191444397, -27.850284576416016
244, 182.2795267701149, 4, 40.13766675000079, 328, 86369, 86369, 1.5806951522827148, -27.891035079956055
245, 175.2326941266656, 4, 40.1379605530019, 329, 86698, 86698, 1.5688875913619995, -27.780113220214844
246, 161.35629604011774, 4, 40.15524382500007, 327, 87025, 87025, 1.6258294582366943, -27.642250061035156
247, 207.1744818240404, 4, 40.12209092100238, 329, 87354, 87354, 1.6136648654937744, -27.76322364807129
248, 4.337793476879597, 2, 6.07401473599748, 46, 87400, 87400, 1.5979313850402832, -27.423908233642578
249, 14.435864582657814, 2, 9.061872901998868, 71, 87471, 87471, 1.6464992761611938, -27.766420364379883
250, 8.720571439480409, 2, 6.536080256002606, 50, 87521, 87521, 1.5070301294326782, -27.730941772460938
251, 183.2650012895465, 4, 40.193341978003446, 329, 87850, 87850, 1.754150152206421, -27.58230209350586
252, 209.04337951540947, 4, 40.10275545300101, 327, 88177, 88177, 1.7105809450149536, -27.532346725463867
253, 180.39149480313063, 4, 40.172345945000416, 329, 88506, 88506, 1.819807529449463, -27.548625946044922
254, 6.104170061647892, 2, 5.322497572997236, 40, 88546, 88546, 1.87405264377594, -27.941308975219727
255, 7.280534587800503, 2, 5.598857721997774, 42, 88588, 88588, 1.900220274925232, -27.423845291137695
256, 187.40439203381538, 4, 40.18048880399874, 328, 88916, 88916, 1.832163691520691, -27.590635299682617
257, 6.762908101081848, 2, 5.465722116001416, 41, 88957, 88957, 1.9573451280593872, -27.292831420898438
258, 187.40559703670442, 4, 40.11679632799496, 328, 89285, 89285, 1.8939402103424072, -27.530241012573242
259, 201.15709848701954, 4, 40.08078131899674, 328, 89613, 89613, 1.9120721817016602, -27.521377563476562
260, 162.5854184255004, 4, 40.15977202999784, 328, 89941, 89941, 1.8647403717041016, -27.444923400878906
261, 23.979530170559883, 2, 10.181607548998727, 80, 90021, 90021, 1.851001501083374, -27.492034912109375
262, 188.59323816001415, 4, 40.09264008900209, 327, 90348, 90348, 1.8938583135604858, -27.696945190429688
263, 186.78012342751026, 4, 40.16261196299456, 328, 90676, 90676, 1.9120612144470215, -27.487565994262695
264, 172.6741302087903, 4, 40.10302030300227, 328, 91004, 91004, 1.973125696182251, -27.46872901916504
265, 183.6940849274397, 4, 40.13379572700069, 326, 91330, 91330, 1.9351763725280762, -27.449119567871094
266, 182.02287083864212, 4, 40.17123917600111, 329, 91659, 91659, 1.9104448556900024, -27.457286834716797
267, 178.65983207523823, 4, 40.08006782200391, 328, 91987, 91987, 1.9203073978424072, -27.594806671142578
268, 197.28303292393684, 4, 40.08564165500138, 327, 92314, 92314, 1.9390915632247925, -27.46653175354004
269, 159.7812366709113, 4, 40.17570137599978, 329, 92643, 92643, 1.9847966432571411, -27.447542190551758
270, 182.66213569045067, 4, 40.19190908400196, 330, 92973, 92973, 1.9493885040283203, -27.439882278442383
271, 182.0710832476616, 4, 40.07945042799838, 328, 93301, 93301, 1.923679232597351, -27.411212921142578
272, 181.25776948034763, 4, 40.133150611996825, 329, 93630, 93630, 2.0089807510375977, -27.439830780029297
273, 176.12308748066425, 4, 40.11086869100109, 328, 93958, 93958, 1.9100254774093628, -27.508914947509766
274, 176.03715921752155, 4, 40.18730555100046, 329, 94287, 94287, 2.022944688796997, -27.458898544311523
275, 173.88193459808826, 4, 40.135592149999866, 327, 94614, 94614, 1.9739288091659546, -27.38011360168457
276, 10.910901732742786, 2, 8.133289458004583, 63, 94677, 94677, 2.073458671569824, -27.650236129760742
277, 177.70788373798132, 4, 40.1872798100012, 329, 95006, 95006, 1.9569344520568848, -27.400087356567383
278, 174.8145131766796, 4, 40.0826154690003, 328, 95334, 95334, 1.9180406332015991, -27.389333724975586
279, 151.1520445793867, 4, 40.15667038399988, 329, 95663, 95663, 1.9987423419952393, -27.481407165527344
280, 174.2239876240492, 4, 40.11015868299728, 328, 95991, 95991, 1.9845160245895386, -27.341163635253906
281, 168.970418558456, 4, 40.1693057030061, 328, 96319, 96319, 1.9886302947998047, -27.519569396972656
282, 176.065762296319, 4, 40.11406222599908, 329, 96648, 96648, 1.930817723274231, -27.67775535583496
283, 181.21918829530478, 4, 40.49684941799933, 331, 96979, 96979, 1.9871914386749268, -27.44032859802246
284, 170.0474757552147, 4, 40.070644724000886, 328, 97307, 97307, 2.0399224758148193, -27.385339736938477
285, 173.23345857858658, 4, 40.158429224997235, 329, 97636, 97636, 2.002141237258911, -27.401382446289062
286, 176.59145753085613, 4, 40.092472880998685, 325, 97961, 97961, 1.9903485774993896, -27.38092613220215
287, 175.9935413300991, 4, 40.13446685300005, 328, 98289, 98289, 2.0105247497558594, -27.232847213745117
288, 42.01759850978851, 2, 15.943113216999336, 127, 98416, 98416, 2.0438730716705322, -27.113243103027344
289, 179.57753467559814, 4, 40.18010258099821, 329, 98745, 98745, 1.9777655601501465, -27.05307960510254
290, 86.7978174239397, 2, 26.8165835539985, 218, 98963, 98963, 1.9739445447921753, -27.214710235595703
291, 185.60803790390491, 4, 40.08044740900368, 328, 99291, 99291, 2.0189449787139893, -26.961511611938477
292, 163.2224940136075, 4, 40.13869437300309, 328, 99619, 99619, 1.9995919466018677, -26.950525283813477
293, 171.36061690747738, 4, 40.16069938400324, 329, 99948, 99948, 1.9772928953170776, -26.859439849853516
294, 169.5150168389082, 4, 40.110484116994485, 328, 100276, 100276, 2.027764081954956, -26.929718017578125
295, 163.05780672468245, 4, 40.142906217995915, 328, 100604, 100604, 1.9852685928344727, -26.875696182250977
296, 140.96938860416412, 4, 40.14534216700122, 329, 100933, 100933, 1.9311039447784424, -26.845643997192383
297, 186.96461573704437, 4, 40.12773896100407, 329, 101262, 101262, 1.9423000812530518, -26.643186569213867
298, 177.97904390096664, 4, 40.15167315300641, 328, 101590, 101590, 1.9428465366363525, -26.802480697631836
299, 163.37143822014332, 4, 40.09688766700128, 328, 101918, 101918, 1.8611390590667725, -26.66306495666504
300, 180.92917503404897, 4, 40.11040603299625, 328, 102246, 102246, 1.9794108867645264, -26.698034286499023
301, 171.8963706670329, 4, 40.13291371900414, 328, 102574, 102574, 1.9096918106079102, -26.677608489990234
302, 175.8589792610146, 4, 40.18065632700018, 329, 102903, 102903, 1.9018051624298096, -26.605571746826172
303, 167.33555199205875, 4, 40.084978682003566, 328, 103231, 103231, 1.881834864616394, -26.522212982177734
304, 10.628848239779472, 2, 7.031379177999042, 54, 103285, 103285, 1.8406376838684082, -26.260465621948242
305, 194.50043474137783, 4, 40.11669027100288, 326, 103611, 103611, 1.8906869888305664, -26.590290069580078
306, 173.57701237499714, 4, 40.12327015099436, 327, 103938, 103938, 1.938377857208252, -26.520483016967773
307, 178.9487335383892, 4, 40.14673020099872, 328, 104266, 104266, 1.8882734775543213, -26.344884872436523
308, 171.71747139841318, 4, 40.12939018200268, 328, 104594, 104594, 1.8738946914672852, -26.359655380249023
309, 161.94365909695625, 4, 40.04465795500437, 328, 104922, 104922, 1.8594346046447754, -26.417009353637695
310, 174.46816218271852, 4, 40.124047063000035, 328, 105250, 105250, 1.8351831436157227, -26.208181381225586
311, 173.96155877644196, 4, 40.134812353004236, 326, 105576, 105576, 1.7885082960128784, -26.30857276916504
312, 167.0860541164875, 4, 40.08100565500354, 327, 105903, 105903, 1.7695629596710205, -26.20265007019043
313, 198.19367180787958, 4, 40.16325457700441, 327, 106230, 106230, 1.8246909379959106, -26.089548110961914
314, 216.8835814744234, 4, 40.10829913800262, 328, 106558, 106558, 1.7833192348480225, -26.106773376464844
315, 169.2381091862917, 4, 40.13374892400316, 329, 106887, 106887, 1.7605693340301514, -26.08187484741211
316, 153.10595047473907, 4, 40.09204803399916, 327, 107214, 107214, 1.7222015857696533, -26.01678466796875
317, 183.8330036602274, 4, 40.083165663003456, 328, 107542, 107542, 1.7002941370010376, -25.896780014038086
318, 9.635476037859917, 2, 7.63562100299896, 59, 107601, 107601, 1.7774678468704224, -25.974105834960938
319, 38.482774920761585, 2, 14.504156147995673, 116, 107717, 107717, 1.7744019031524658, -25.956972122192383
320, 173.81609071046114, 4, 40.11020832400391, 329, 108046, 108046, 1.7040486335754395, -25.92156410217285
321, 214.37922038310353, 4, 40.11210368599859, 327, 108373, 108373, 1.7079397439956665, -25.909696578979492
322, 166.10079005453736, 4, 40.1349014189982, 330, 108703, 108703, 1.671879768371582, -25.998781204223633
323, 162.79572224617004, 4, 40.170154996994825, 329, 109032, 109032, 1.6600779294967651, -25.755800247192383
324, 173.40915250778198, 4, 40.07722577599634, 328, 109360, 109360, 1.6751477718353271, -25.938541412353516
325, 197.4653479726985, 4, 40.08978722200118, 325, 109685, 109685, 1.5617562532424927, -26.00728416442871
326, 147.10528822243214, 4, 40.179678327003785, 328, 110013, 110013, 1.5956569910049438, -25.883920669555664
327, 169.9259414401604, 4, 40.138126353995176, 328, 110341, 110341, 1.6128249168395996, -25.790382385253906
328, 179.825357966125, 4, 40.16563014699932, 327, 110668, 110668, 1.5531094074249268, -25.899953842163086
329, 149.40872772037983, 4, 40.133949112001574, 327, 110995, 110995, 1.5187674760818481, -25.764617919921875
330, 169.07990297675133, 4, 40.12988563100225, 324, 111319, 111319, 1.5163244009017944, -25.73384666442871
331, 163.19565375708044, 4, 40.429633192004985, 327, 111646, 111646, 1.4186265468597412, -25.832073211669922
332, 204.57054217159748, 4, 40.202390985999955, 325, 111971, 111971, 1.4210028648376465, -25.844369888305664
333, 172.76670786738396, 4, 40.074065752000024, 324, 112295, 112295, 1.4207229614257812, -25.86629867553711
334, 183.0756536689587, 4, 40.19990405700082, 327, 112622, 112622, 1.4144691228866577, -25.818561553955078
335, 165.52430764585733, 4, 40.10624097400432, 325, 112947, 112947, 1.40157949924469, -25.92771339416504
336, 143.52235889434814, 2, 35.849085200003174, 290, 113237, 113237, 1.3682043552398682, -25.73672103881836
337, 65.58945144712925, 2, 19.467468793998705, 156, 113393, 113393, 1.3978663682937622, -26.029827117919922
338, 178.2746777534485, 4, 40.15559994999785, 328, 113721, 113721, 1.337015151977539, -25.678466796875
339, 71.09943922085222, 2, 20.448440740001388, 163, 113884, 113884, 1.3337407112121582, -25.864818572998047
340, 165.63232880085707, 4, 40.146431198001665, 329, 114213, 114213, 1.3234906196594238, -25.755767822265625
341, 172.92455238229377, 4, 40.14464861200395, 327, 114540, 114540, 1.3445724248886108, -25.827041625976562
342, 159.63695999979973, 4, 40.16208016600285, 325, 114865, 114865, 1.2391819953918457, -25.783559799194336
343, 180.30004355311394, 4, 40.07756475700444, 327, 115192, 115192, 1.2903159856796265, -25.71506690979004
344, 169.94534130953252, 4, 40.079209998002625, 324, 115516, 115516, 1.2023224830627441, -25.832447052001953
345, 156.1606594696641, 4, 40.129201292998914, 325, 115841, 115841, 1.2263880968093872, -25.652950286865234
346, 12.187306724488735, 2, 8.892666617997747, 69, 115910, 115910, 1.2245537042617798, -25.596527099609375
347, 177.4763744622469, 4, 40.0712750849998, 326, 116236, 116236, 1.2178164720535278, -25.715496063232422
348, 217.1107788234949, 4, 40.117899434997526, 327, 116563, 116563, 1.165045976638794, -25.68979263305664
349, 178.4587236493826, 4, 40.09904502399877, 327, 116890, 116890, 1.16072416305542, -25.676504135131836
350, 172.95168639719486, 4, 40.151047870000184, 329, 117219, 117219, 1.2109686136245728, -25.64144515991211
351, 179.81405942700803, 4, 40.12889852900116, 328, 117547, 117547, 1.165642261505127, -25.651233673095703
352, 15.154903694987297, 2, 7.659298146994843, 59, 117606, 117606, 1.086908221244812, -26.081275939941406
353, 7.05090469866991, 2, 6.597994053001457, 50, 117656, 117656, 1.1441971063613892, -25.700002670288086
354, 12.553702531382442, 2, 10.302562372002285, 80, 117736, 117736, 1.2149436473846436, -25.740158081054688
355, 9.181815057992935, 2, 10.012507955994806, 78, 117814, 117814, 1.1948868036270142, -25.90324592590332
356, 9.653913915157318, 2, 7.00261280000268, 53, 117867, 117867, 1.1582204103469849, -25.849796295166016
357, 52.45644983649254, 2, 16.450187456001004, 131, 117998, 117998, 1.188088059425354, -25.354413986206055
358, 30.909996166825294, 2, 11.756352213997161, 93, 118091, 118091, 1.081425666809082, -25.81170654296875
359, 142.36531218886375, 4, 40.1357936830027, 328, 118419, 118419, 1.16346275806427, -25.68967056274414
360, 9.679940201342106, 2, 7.22370626799966, 55, 118474, 118474, 1.1343342065811157, -25.840473175048828
361, 220.4740110617131, 4, 40.08886540399544, 328, 118802, 118802, 1.1404744386672974, -25.599302291870117
362, 166.52671555848792, 4, 40.11980276900431, 324, 119126, 119126, 1.0996265411376953, -25.58002471923828
363, 167.63052806258202, 4, 40.166532823001035, 328, 119454, 119454, 1.1078314781188965, -25.509777069091797
364, 171.55282200872898, 4, 40.14728705900052, 327, 119781, 119781, 1.1163756847381592, -25.73102378845215
365, 155.4589312672615, 2, 38.170453861006536, 311, 120092, 120092, 1.1496431827545166, -25.75682258605957
366, 173.25174421072006, 4, 40.0765205150019, 328, 120420, 120420, 1.0702359676361084, -25.396921157836914
367, 157.58995356410742, 4, 40.12941340099496, 328, 120748, 120748, 1.104439377784729, -25.529752731323242
368, 157.23808798659593, 4, 40.13579780099826, 329, 121077, 121077, 1.0585730075836182, -25.62826156616211
369, 175.85019483949873, 4, 40.1324309509946, 327, 121404, 121404, 1.0656778812408447, -25.82166862487793
370, 172.83193956315517, 4, 40.14459781700134, 325, 121729, 121729, 1.050066590309143, -25.69845199584961
371, 177.63436113484204, 4, 40.19628525400185, 329, 122058, 122058, 1.0086148977279663, -25.796958923339844
372, 161.1706143990159, 4, 40.15866625500348, 327, 122385, 122385, 1.0561538934707642, -25.823225021362305
373, 36.311003252863884, 2, 13.210406014004548, 105, 122490, 122490, 1.024627447128296, -25.565141677856445
374, 175.99661038815975, 4, 40.147919697999896, 328, 122818, 122818, 1.0143132209777832, -25.721664428710938
375, 175.11671009659767, 4, 40.12626517299941, 328, 123146, 123146, 1.032879114151001, -25.6663875579834
376, 166.25582207739353, 4, 40.07473905499501, 327, 123473, 123473, 0.9924902319908142, -25.632099151611328
377, 170.72325378656387, 4, 40.125123307996546, 324, 123797, 123797, 0.9585981965065002, -25.896997451782227
378, 125.24891432374716, 4, 40.117404169999645, 327, 124124, 124124, 1.0294383764266968, -25.888277053833008
379, 30.949018269777298, 2, 13.105968548996316, 104, 124228, 124228, 0.9899892210960388, -25.964672088623047
380, 144.9864114895463, 4, 40.08794260900322, 327, 124555, 124555, 0.9759963154792786, -26.014245986938477
381, 50.234179347753525, 2, 18.7824420820034, 151, 124706, 124706, 0.9884181618690491, -26.06127166748047
382, 25.05092966556549, 4, 40.1284935750009, 327, 125033, 125033, 0.9631639122962952, -25.951904296875
383, 141.8456719443202, 4, 40.12777829100378, 323, 125356, 125356, 0.9725012183189392, -25.86792755126953
384, 160.30554115772247, 4, 40.114836696004204, 327, 125683, 125683, 0.9488129019737244, -26.016992568969727
385, 150.34334138780832, 4, 40.17863285599742, 327, 126010, 126010, 0.9646548628807068, -25.79939842224121
386, 134.7061829827726, 2, 37.74744196600659, 306, 126316, 126316, 0.9416459798812866, -26.00962257385254
387, 154.26407536119223, 4, 40.14197170099942, 325, 126641, 126641, 0.9211977124214172, -25.922271728515625
388, 181.23081849743176, 4, 40.199490316001175, 328, 126969, 126969, 0.939516007900238, -26.078655242919922
389, 143.19022630155087, 4, 40.07674893900548, 323, 127292, 127292, 0.9333541393280029, -26.15435791015625
390, 168.98966874182224, 4, 40.128497732999676, 326, 127618, 127618, 0.9011327028274536, -26.188995361328125
391, 119.038197836373, 4, 40.08420732400555, 327, 127945, 127945, 0.9220283627510071, -26.103635787963867
392, 159.98836724087596, 4, 40.16382163999515, 328, 128273, 128273, 0.9470124840736389, -26.15605354309082
393, 121.35207289457321, 4, 40.16967591899447, 328, 128601, 128601, 0.8992577791213989, -26.212209701538086
394, 128.538257278502, 4, 40.17799488599849, 329, 128930, 128930, 0.9047879576683044, -26.19937515258789
395, 148.32646847516298, 4, 40.16308516099525, 328, 129258, 129258, 0.8833536505699158, -26.284568786621094
396, 174.0929419696331, 4, 40.099540060000436, 327, 129585, 129585, 0.9151902794837952, -26.079702377319336
397, 165.58405454736203, 4, 40.077798252998036, 326, 129911, 129911, 0.8395922780036926, -26.403047561645508
398, 136.72300213575363, 4, 40.12711376200605, 324, 130235, 130235, 0.8766521215438843, -26.297752380371094
399, 139.0667422786355, 4, 40.12775559599686, 327, 130562, 130562, 0.8395034670829773, -26.388660430908203
400, 125.43563734926283, 4, 40.144198128000426, 328, 130890, 130890, 0.852513313293457, -26.419666290283203
401, 155.88953418284655, 4, 40.06791907699517, 327, 131217, 131217, 0.8353630900382996, -26.495777130126953
402, 176.26492379186675, 4, 40.13999956000043, 324, 131541, 131541, 0.8552356362342834, -26.640241622924805
403, 168.18861177563667, 4, 40.125128485997266, 327, 131868, 131868, 0.8285596966743469, -26.520164489746094
404, 139.61134317144752, 4, 40.109200660997885, 327, 132195, 132195, 0.8371774554252625, -26.44510269165039
405, 136.37898048385978, 4, 40.09727874999953, 326, 132521, 132521, 0.8465243577957153, -26.65520668029785
406, 113.72935832105577, 4, 40.13643353599764, 326, 132847, 132847, 0.8034215569496155, -26.761714935302734
407, 125.91684338450432, 4, 40.17524430799676, 326, 133173, 133173, 0.8833487033843994, -26.748685836791992
408, 110.25485465861857, 4, 40.07799034100026, 326, 133499, 133499, 0.8211983442306519, -26.59747314453125
409, 154.00314578413963, 4, 40.1204704329939, 322, 133821, 133821, 0.8645479083061218, -26.523693084716797
410, 126.25631767511368, 4, 40.157361316996685, 323, 134144, 134144, 0.8832625150680542, -26.644397735595703
411, 134.88122448511422, 4, 40.15985634600656, 326, 134470, 134470, 0.8115257024765015, -26.74359893798828
412, 83.51317976415157, 4, 40.08186208400002, 324, 134794, 134794, 0.8440963625907898, -26.634397506713867
413, 147.83926913142204, 4, 40.14305360599974, 325, 135119, 135119, 0.7974579334259033, -26.65521240234375
414, 119.21854060515761, 4, 40.125148036997416, 325, 135444, 135444, 0.8099081516265869, -26.763425827026367
415, 149.95349651575089, 4, 40.142270844997256, 323, 135767, 135767, 0.8250563144683838, -26.747533798217773
416, 154.36459238361567, 4, 40.150826006996795, 324, 136091, 136091, 0.8092002272605896, -26.879913330078125
417, 167.20249542593956, 4, 40.067223940000986, 325, 136416, 136416, 0.8105175495147705, -26.869625091552734
418, 158.3084630619269, 4, 40.11422252200282, 325, 136741, 136741, 0.7767744660377502, -26.87711524963379
419, 114.73474314808846, 4, 40.105439166, 327, 137068, 137068, 0.7904923558235168, -26.92432975769043
420, 171.6817674189806, 4, 40.16049927900167, 327, 137395, 137395, 0.8047003746032715, -26.920730590820312
421, 142.00933649390936, 4, 40.08475391899992, 326, 137721, 137721, 0.7480053901672363, -27.03408432006836
422, 168.72587194433436, 4, 40.10882306900021, 324, 138045, 138045, 0.7898216247558594, -27.00086784362793
423, 80.04364820756018, 4, 40.12999366700387, 326, 138371, 138371, 0.7878949046134949, -27.164005279541016
424, 176.74423298810143, 4, 40.12825817200064, 325, 138696, 138696, 0.7750375866889954, -26.980989456176758
425, 127.59398231655359, 4, 40.11020132300473, 325, 139021, 139021, 0.7554851770401001, -27.114482879638672
426, 129.4761285483837, 4, 40.170781560998876, 325, 139346, 139346, 0.7577722668647766, -27.1087589263916
427, 163.9111109599471, 4, 40.18866045500181, 326, 139672, 139672, 0.7878215909004211, -27.081581115722656
428, 124.38923701643944, 4, 40.06621717099915, 327, 139999, 139999, 0.7971661686897278, -27.199546813964844
429, 177.89250684529543, 4, 40.08561889099656, 327, 140326, 140326, 0.7526516914367676, -27.350645065307617
430, 73.20576679706573, 4, 40.138552369004174, 324, 140650, 140650, 0.7599914073944092, -27.286314010620117
431, 169.6254655867815, 4, 40.16781778999575, 327, 140977, 140977, 0.7642579078674316, -27.381515502929688
432, 187.74824696034193, 4, 40.18423387299845, 327, 141304, 141304, 0.7962184548377991, -27.508018493652344
433, 147.88267261907458, 4, 40.149471964999975, 326, 141630, 141630, 0.7255258560180664, -27.5699462890625
434, 174.63022103905678, 4, 40.16662796199671, 325, 141955, 141955, 0.7093197703361511, -27.392427444458008
435, 187.11563631892204, 4, 40.07937112900254, 322, 142277, 142277, 0.7558518052101135, -27.54494857788086
436, 143.77218548953533, 4, 40.17762807100371, 326, 142603, 142603, 0.7647931575775146, -27.613473892211914
437, 135.6405389904976, 4, 40.178763658004755, 327, 142930, 142930, 0.715106725692749, -27.53049659729004
438, 148.31034826114774, 4, 40.11704137099878, 324, 143254, 143254, 0.7220439910888672, -27.547372817993164
439, 139.3630521669984, 4, 40.12166617799812, 325, 143579, 143579, 0.7958698868751526, -27.45519256591797
440, 126.7714661359787, 4, 40.17663839099987, 326, 143905, 143905, 0.7216286063194275, -27.651519775390625
441, 139.72005532681942, 4, 40.11242587200104, 323, 144228, 144228, 0.7937235832214355, -27.580501556396484
442, 152.6890730932355, 4, 40.13120678899577, 324, 144552, 144552, 0.7213250994682312, -27.582908630371094
443, 161.77642226219177, 4, 40.05432129700057, 327, 144879, 144879, 0.721177339553833, -27.802518844604492
444, 161.84279702603817, 4, 40.10860568800126, 325, 145204, 145204, 0.739893913269043, -27.776676177978516
445, 132.2026825249195, 4, 40.10523137800192, 326, 145530, 145530, 0.750823974609375, -27.683012008666992
446, 179.5995128452778, 4, 40.12073863799742, 325, 145855, 145855, 0.715213418006897, -27.860177993774414
447, 173.82301589101553, 4, 40.0891258959964, 328, 146183, 146183, 0.7511650323867798, -27.82075309753418
448, 147.22448962181807, 4, 40.1503537690005, 327, 146510, 146510, 0.7337886095046997, -28.099388122558594
449, 176.37819718942046, 4, 40.154641103996255, 326, 146836, 146836, 0.7191296219825745, -27.801095962524414
450, 163.036594286561, 4, 40.16174298599799, 325, 147161, 147161, 0.7513598203659058, -28.00324249267578
451, 159.26227943925187, 4, 40.15791023000202, 326, 147487, 147487, 0.7084022760391235, -28.04014015197754
452, 146.08526373654604, 4, 40.13117070699809, 327, 147814, 147814, 0.6893864274024963, -27.93124008178711
453, 168.64165630284697, 4, 40.0634895080002, 327, 148141, 148141, 0.7333086729049683, -28.26593589782715
454, 124.07986127585173, 4, 40.144686129002366, 327, 148468, 148468, 0.7562417984008789, -28.0458984375
455, 156.15535631030798, 4, 40.068418910006585, 325, 148793, 148793, 0.7443926334381104, -28.22035789489746
456, 198.17598597705364, 4, 40.12479726399761, 324, 149117, 149117, 0.7111053466796875, -28.307191848754883
457, 122.21954542864114, 4, 40.14217119300156, 328, 149445, 149445, 0.6960482001304626, -28.204483032226562
458, 83.94224587827921, 4, 40.11505155499617, 329, 149774, 149774, 0.6911534070968628, -28.302309036254883
459, 159.25142446439713, 4, 40.057151815002726, 327, 150101, 150101, 0.6933155059814453, -28.30050277709961
460, 129.38422463089228, 4, 40.11525421099941, 329, 150430, 150430, 0.713941752910614, -28.235702514648438
461, 170.55221066623926, 4, 40.104269684998144, 328, 150758, 150758, 0.7286162376403809, -28.351797103881836
