episode, reward, success, duration, steps, total_steps, memory length, avg_critic_loss, avg_actor_loss
1, -51.65240805968642, 2, 13.175777124999513, 101, 15054, 15054, 3.0096569061279297, 19.336822509765625
2, -5.430438216775656, 2, 4.297659440000643, 30, 15084, 15084, 2.8674612045288086, 19.123106002807617
3, -241.92653284221888, 2, 20.838550418000523, 160, 15244, 15244, 3.037532091140747, 19.529083251953125
4, -1.8163861185312271, 2, 4.654300672000318, 33, 15277, 15277, 3.19134259223938, 20.132108688354492
5, -144.64484307169914, 2, 4.3466189869996015, 30, 15307, 15307, 3.0058693885803223, 19.882932662963867
6, 6.8286166582256556, 2, 9.501792037000996, 71, 15378, 15378, 3.0447747707366943, 20.11041259765625
7, -0.44111074320971966, 2, 8.339081549000184, 62, 15440, 15440, 3.0582973957061768, 20.44548988342285
8, -208.75084235705435, 2, 35.48105065100026, 276, 15716, 15716, 2.9837443828582764, 20.178668975830078
9, -495.46166435210034, 4, 49.54547715899935, 387, 16103, 16103, 3.1160995960235596, 20.767053604125977
10, -4.024874240159988, 2, 4.475472804999299, 31, 16134, 16134, 3.0941503047943115, 21.22580337524414
11, -5.67535316478461, 2, 5.4605779930006975, 39, 16173, 16173, 2.9977259635925293, 20.825532913208008
12, -19.33622546121478, 2, 4.29575773400029, 30, 16203, 16203, 2.900606632232666, 21.160261154174805
13, -246.55048039898975, 4, 49.99057524700038, 391, 16594, 16594, 2.9767661094665527, 21.3149356842041
14, -125.55879495219415, 2, 34.76926401699893, 269, 16863, 16863, 3.0441298484802246, 21.723526000976562
15, 11.757852016948164, 2, 6.317655885999557, 46, 16909, 16909, 2.978602886199951, 22.00489044189453
16, -0.22840320295654237, 2, 5.063646870999946, 36, 16945, 16945, 3.0766453742980957, 21.790260314941406
17, -16.99220634996891, 2, 4.336193799999819, 30, 16975, 16975, 3.0632407665252686, 21.99049186706543
18, -16.77838020492345, 2, 7.894189310998627, 58, 17033, 17033, 2.9793667793273926, 22.017248153686523
19, -157.82660944620147, 2, 40.39601683199908, 311, 17344, 17344, 3.0908994674682617, 22.31305503845215
20, -1.550312832929194, 2, 17.830438476999916, 136, 17480, 17480, 2.995849609375, 22.745655059814453
21, -187.55742421653122, 2, 28.158834386000308, 217, 17697, 17697, 3.043861150741577, 22.64121437072754
22, 56.59939381480217, 2, 9.275742933999936, 69, 17766, 17766, 2.9952292442321777, 23.055248260498047
23, 12.774477565661073, 2, 11.111753059998591, 83, 17849, 17849, 3.1730847358703613, 23.234899520874023
24, -12.856827773153782, 2, 8.417495552001128, 62, 17911, 17911, 3.123347759246826, 23.182695388793945
25, -17.613694332540035, 2, 6.459443346000626, 47, 17958, 17958, 3.1137633323669434, 22.95619010925293
26, -473.200619449839, 4, 49.8598824719993, 386, 18344, 18344, 3.0808277130126953, 23.35529327392578
27, -43.80776796210557, 2, 16.27632183700007, 123, 18467, 18467, 3.0155234336853027, 23.43160057067871
28, -184.7707786243409, 2, 21.00584914799947, 160, 18627, 18627, 3.180704116821289, 23.673376083374023
29, -32.60941490251571, 2, 4.339836512999682, 30, 18657, 18657, 2.982390880584717, 24.18760108947754
30, 2.3777884989976883, 2, 6.390742490000775, 46, 18703, 18703, 3.050858974456787, 24.025915145874023
31, -59.41438676370308, 2, 23.30888641099955, 178, 18881, 18881, 3.0030453205108643, 24.091333389282227
32, -440.9008716121316, 4, 49.97314939300122, 386, 19267, 19267, 3.0827760696411133, 24.377153396606445
33, -21.152509136125445, 2, 5.159984763000466, 36, 19303, 19303, 3.2974154949188232, 24.914867401123047
34, 16.08263326715678, 2, 7.210426142999495, 52, 19355, 19355, 3.1923234462738037, 23.95250701904297
35, -60.178280807100236, 2, 34.53466038799888, 265, 19620, 19620, 3.143298864364624, 24.624706268310547
36, -13.65190228447318, 2, 4.628640870998424, 32, 19652, 19652, 3.246122121810913, 24.584917068481445
37, -0.19054028764367104, 2, 5.9139048750002985, 42, 19694, 19694, 3.0681416988372803, 24.75753402709961
38, 38.687089840183035, 2, 22.883452677000605, 174, 19868, 19868, 3.1667497158050537, 25.15556526184082
39, -20.80720626236871, 2, 15.79675467800007, 119, 19987, 19987, 3.078113317489624, 25.022462844848633
40, 36.14086599834263, 2, 25.28746287099966, 194, 20181, 20181, 3.2690398693084717, 25.220497131347656
41, 22.457647390663624, 2, 7.797377861999848, 57, 20238, 20238, 3.1683669090270996, 25.22278594970703
42, -65.44450008147396, 2, 29.057254436998846, 223, 20461, 20461, 3.1987266540527344, 25.526220321655273
43, 30.391226060688496, 2, 9.165665063999768, 67, 20528, 20528, 3.1840362548828125, 25.490877151489258
44, 11.885090351104736, 2, 8.054340892000255, 59, 20587, 20587, 3.0900163650512695, 25.092409133911133
45, 53.183203503489494, 2, 8.977026733000457, 66, 20653, 20653, 3.3424816131591797, 25.82459259033203
46, 4.148732595145702, 2, 6.63800971099954, 48, 20701, 20701, 3.1009321212768555, 25.150495529174805
47, -7.144349072128534, 2, 4.34548949100099, 30, 20731, 20731, 3.1502749919891357, 25.60063362121582
48, -8.37073202105239, 2, 4.326306092001687, 30, 20761, 20761, 3.2340643405914307, 25.34368896484375
49, -5.688393294811249, 2, 4.331747717000326, 30, 20791, 20791, 3.3152916431427, 24.869882583618164
50, 105.9099366532173, 2, 14.269586149999668, 107, 20898, 20898, 3.173149824142456, 25.458105087280273
51, -22.246503275819123, 2, 4.3364319859992975, 30, 20928, 20928, 3.185523748397827, 24.891374588012695
52, -7.092191869392991, 2, 5.475209146999987, 39, 20967, 20967, 3.1406993865966797, 25.79425048828125
53, 3.906187648419291, 2, 4.571247576999667, 32, 20999, 20999, 3.1772267818450928, 25.994747161865234
54, -14.767299491912127, 2, 26.032595612001387, 199, 21198, 21198, 3.298006772994995, 25.619768142700195
55, -17.653167743701488, 2, 26.826219656999456, 205, 21403, 21403, 3.2364578247070312, 25.690935134887695
56, 9.306558050215244, 2, 4.747306053999637, 33, 21436, 21436, 3.1571812629699707, 25.820314407348633
57, -101.37425301875919, 2, 26.42087306099893, 201, 21637, 21637, 3.320436477661133, 26.007413864135742
58, -18.35997039079666, 2, 4.45260417100144, 30, 21667, 21667, 3.351787567138672, 26.25358772277832
59, 9.905177511274815, 2, 4.602321789998314, 31, 21698, 21698, 3.230379104614258, 26.364891052246094
60, -19.659556064754725, 2, 4.360960642001373, 30, 21728, 21728, 3.054204225540161, 26.453739166259766
61, 8.234161049127579, 2, 4.74750576400038, 33, 21761, 21761, 3.5335562229156494, 26.05797576904297
62, -2.4120679246261716, 2, 6.392446378999011, 46, 21807, 21807, 3.30045747756958, 26.755023956298828
63, -19.024302843026817, 2, 6.282710165000026, 45, 21852, 21852, 2.903794288635254, 26.41912078857422
64, -15.622338122921064, 2, 4.363269178000337, 30, 21882, 21882, 3.325782537460327, 25.902565002441406
65, 52.53986258432269, 2, 15.65822896699865, 118, 22000, 22000, 3.378692626953125, 26.208736419677734
66, -12.77253174688667, 2, 11.092062559999249, 82, 22082, 22082, 3.3526763916015625, 26.287933349609375
67, 19.17517202347517, 2, 11.910488653000357, 89, 22171, 22171, 3.2909255027770996, 26.304431915283203
68, -100.00434484099969, 2, 31.354524954000226, 240, 22411, 22411, 3.3543179035186768, 26.6490421295166
69, 0.6156408116221428, 2, 8.840861986000164, 65, 22476, 22476, 3.209462881088257, 26.822086334228516
70, -4.255421780049801, 2, 5.371385503998681, 38, 22514, 22514, 3.475449323654175, 26.737735748291016
71, -9.3282170612365, 2, 5.776366283000243, 41, 22555, 22555, 3.6141676902770996, 26.612327575683594
72, -11.927797675132751, 2, 4.350545205999879, 30, 22585, 22585, 3.1440441608428955, 27.47442626953125
73, 47.7902434526477, 2, 9.310243154999625, 69, 22654, 22654, 3.2476072311401367, 26.712339401245117
74, -17.914932932704687, 2, 4.3849409200011, 30, 22684, 22684, 3.4346821308135986, 27.05978012084961
75, 23.139886988326907, 2, 13.279206062999947, 100, 22784, 22784, 3.4692745208740234, 26.865983963012695
76, -13.031373422592878, 2, 5.74883979599872, 41, 22825, 22825, 3.2439444065093994, 26.912635803222656
77, -6.538432240486145, 2, 6.390950883000187, 46, 22871, 22871, 3.4230399131774902, 27.250804901123047
78, 43.925527948886156, 2, 14.094247532999361, 106, 22977, 22977, 3.3859641551971436, 26.95101547241211
79, -139.25182956457138, 2, 4.361903985000026, 30, 23007, 23007, 3.3558413982391357, 27.00974464416504
80, 20.52016579778865, 2, 14.624735801999122, 110, 23117, 23117, 3.492363452911377, 27.000097274780273
81, -11.925652660895139, 2, 17.291640434999863, 131, 23248, 23248, 3.202019453048706, 26.867528915405273
82, 42.92020436003804, 2, 10.86189887600085, 81, 23329, 23329, 3.3229713439941406, 27.4562931060791
83, -3.5533406008034945, 2, 4.90436975800003, 34, 23363, 23363, 3.58518648147583, 27.4879093170166
84, 55.09072056412697, 2, 10.196263808998992, 76, 23439, 23439, 3.354750871658325, 26.805978775024414
85, -9.852268300950527, 2, 7.044803370999944, 51, 23490, 23490, 3.3228585720062256, 27.05827522277832
86, -11.193456649780273, 2, 4.380390627999077, 30, 23520, 23520, 3.680065631866455, 26.94192123413086
87, 1.048158973455429, 2, 4.993631657998776, 35, 23555, 23555, 3.5407636165618896, 27.557809829711914
88, -42.87820720113814, 2, 8.703744166001343, 64, 23619, 23619, 3.2908248901367188, 27.216854095458984
89, -9.85863394383341, 2, 7.09127895599886, 51, 23670, 23670, 3.439211368560791, 27.07426643371582
90, -13.292674149386585, 2, 5.512682208000115, 39, 23709, 23709, 3.4916539192199707, 27.075532913208008
91, 39.98539091035491, 2, 8.715113440001005, 64, 23773, 23773, 3.6376359462738037, 27.546161651611328
92, -17.535645983647555, 2, 14.122101480999845, 106, 23879, 23879, 3.5513651371002197, 27.504615783691406
93, -67.94572768453509, 2, 22.669673735999822, 172, 24051, 24051, 3.470646381378174, 27.36241340637207
94, -13.586454358883202, 2, 18.4303610019997, 139, 24190, 24190, 3.449664354324341, 27.677833557128906
95, -8.87560272263363, 2, 7.067463146000591, 51, 24241, 24241, 3.233332633972168, 27.709257125854492
96, -18.627990998327732, 2, 6.018922138000562, 43, 24284, 24284, 3.5163376331329346, 27.7930850982666
97, 35.48593506333418, 2, 9.856979545000286, 73, 24357, 24357, 3.5520570278167725, 27.332475662231445
98, 68.97682408057153, 2, 14.146535673000471, 106, 24463, 24463, 3.5912110805511475, 27.66354751586914
99, 11.986347686499357, 2, 6.939328641999964, 50, 24513, 24513, 3.621452569961548, 27.759929656982422
100, -10.373491860926151, 2, 4.638095409000016, 32, 24545, 24545, 3.496533155441284, 27.378896713256836
101, 0.2821519784629345, 2, 9.778776228000424, 72, 24617, 24617, 3.555967092514038, 28.061988830566406
102, -205.18505640048534, 2, 21.58825613299996, 164, 24781, 24781, 3.532334089279175, 27.767696380615234
103, -6.71107080578804, 2, 4.420077585000399, 30, 24811, 24811, 3.4321296215057373, 27.37337303161621
104, 39.22843246534467, 2, 11.162828579999768, 83, 24894, 24894, 3.4934210777282715, 27.690494537353516
105, 106.09563236869872, 2, 27.928897690000667, 210, 25104, 25104, 3.57515287399292, 27.811321258544922
106, 36.14711047615856, 2, 8.081164572000489, 59, 25163, 25163, 3.581810474395752, 27.542701721191406
107, -103.08340064808726, 2, 24.74308763800036, 188, 25351, 25351, 3.5494582653045654, 27.9927921295166
108, 52.51346226781607, 2, 9.370204124999873, 69, 25420, 25420, 3.5037622451782227, 28.02975082397461
109, -4.101567719131708, 2, 4.401673102000132, 30, 25450, 25450, 3.757171630859375, 28.267772674560547
110, 51.620306299068034, 2, 12.23927235500014, 91, 25541, 25541, 3.58193039894104, 28.2355899810791
111, -2.233256194740534, 2, 4.783126997999716, 33, 25574, 25574, 3.428751230239868, 27.82493782043457
112, 0.3515577269718051, 2, 6.267025150000336, 45, 25619, 25619, 3.6930229663848877, 27.94796371459961
113, 33.69253768399358, 2, 11.606757844998356, 86, 25705, 25705, 3.4741902351379395, 28.239931106567383
114, 42.318287580274045, 2, 15.014617908998844, 112, 25817, 25817, 3.6802732944488525, 28.063812255859375
115, -20.648213919252157, 2, 4.354031036000379, 30, 25847, 25847, 3.7819159030914307, 28.6807861328125
116, 36.98261012259172, 2, 8.986123586999383, 66, 25913, 25913, 3.773177146911621, 28.153675079345703
117, 44.756277590058744, 2, 9.6776976809997, 71, 25984, 25984, 3.671661853790283, 28.409780502319336
118, -11.02781974710524, 2, 5.2654330500008655, 37, 26021, 26021, 3.7602498531341553, 28.060823440551758
119, -8.497720163082704, 2, 4.561883020998721, 31, 26052, 26052, 3.6951777935028076, 28.4443359375
120, -32.869337275624275, 2, 4.383899045000362, 30, 26082, 26082, 3.595801830291748, 27.719385147094727
121, 41.17859838157892, 2, 9.116647132999788, 67, 26149, 26149, 3.6320784091949463, 28.074338912963867
122, 0.21149645745754242, 2, 4.361255103998701, 30, 26179, 26179, 3.629150867462158, 27.956058502197266
123, 73.43881062418222, 2, 12.186698629999228, 90, 26269, 26269, 3.701404571533203, 27.967315673828125
124, 27.048865434248, 2, 13.017473952000728, 97, 26366, 26366, 3.694344997406006, 28.066822052001953
125, 19.584075978025794, 2, 9.375449143999504, 69, 26435, 26435, 3.849087953567505, 28.569725036621094
126, 22.284183864016086, 2, 29.35139042300034, 224, 26659, 26659, 3.8408989906311035, 28.36728858947754
127, 15.729703061282635, 2, 8.915017039000304, 65, 26724, 26724, 3.813962459564209, 28.45145606994629
128, 13.83867712225765, 2, 5.7639596149983845, 41, 26765, 26765, 3.6424508094787598, 28.115293502807617
129, 1.8507044669240713, 2, 5.585702713000501, 39, 26804, 26804, 3.7811970710754395, 28.212207794189453
130, 1.3544557131826878, 2, 5.160924185000113, 36, 26840, 26840, 3.652052640914917, 28.35070037841797
131, 63.94291405659169, 2, 14.817186976000812, 111, 26951, 26951, 3.860189437866211, 28.26931381225586
132, 8.08220192603767, 2, 5.1704738389998965, 36, 26987, 26987, 3.8144874572753906, 28.505374908447266
133, 9.896334862336516, 2, 5.673265583000102, 40, 27027, 27027, 3.7455756664276123, 28.202163696289062
134, -118.33189186279196, 2, 47.37280513299993, 364, 27391, 27391, 3.8250222206115723, 28.490861892700195
135, -0.5090134143829346, 2, 4.765345305000665, 33, 27424, 27424, 3.6876251697540283, 28.862720489501953
136, -3.136849162168801, 2, 5.547589425999831, 39, 27463, 27463, 3.6111669540405273, 28.595542907714844
137, -6.2160233445465565, 2, 7.185890650000147, 52, 27515, 27515, 3.583793878555298, 28.836414337158203
138, -0.5923032620921731, 2, 6.436131180000302, 46, 27561, 27561, 4.220228672027588, 28.733362197875977
139, 99.13384446874261, 2, 18.61308544700114, 140, 27701, 27701, 3.640319347381592, 29.003047943115234
140, 5.282208912074566, 2, 6.842824450999615, 49, 27750, 27750, 3.7789909839630127, 29.076396942138672
141, 7.961936332285404, 2, 6.0509471940004005, 43, 27793, 27793, 3.789893627166748, 28.758596420288086
142, 56.775469238869846, 2, 24.243815585999982, 184, 27977, 27977, 3.7035422325134277, 29.06456184387207
143, -5.284313037991524, 2, 7.851642053999967, 57, 28034, 28034, 3.787961721420288, 29.046398162841797
144, 93.20468302443624, 2, 15.445983485999022, 116, 28150, 28150, 3.8599159717559814, 29.14568519592285
145, 12.413202561903745, 2, 5.422933093999745, 38, 28188, 28188, 3.612755298614502, 29.170963287353516
146, -35.51833963394165, 2, 4.379574577000312, 30, 28218, 28218, 3.727801561355591, 28.384801864624023
147, 43.045369017723715, 2, 10.231185712000297, 76, 28294, 28294, 3.816648006439209, 28.59125328063965
148, 47.397938035428524, 2, 15.028116854999098, 113, 28407, 28407, 3.9607303142547607, 28.77318000793457
149, -3.39482581615448, 2, 6.445246011999188, 46, 28453, 28453, 4.048935890197754, 29.459335327148438
150, 4.560860704630613, 2, 5.676261877999423, 40, 28493, 28493, 4.043880939483643, 29.267810821533203
151, 31.49556066095829, 2, 7.867779692000113, 57, 28550, 28550, 3.9717676639556885, 29.11771583557129
152, -3.4832377526909113, 2, 5.637016685999697, 40, 28590, 28590, 3.9899280071258545, 28.83907699584961
153, 21.766880995593965, 2, 6.285995391999677, 45, 28635, 28635, 4.02305793762207, 29.259090423583984
154, 7.016160558909178, 2, 5.501755188999596, 39, 28674, 28674, 3.7010881900787354, 28.98885726928711
155, 22.563142746686935, 2, 6.46810603799895, 46, 28720, 28720, 3.8403685092926025, 29.205106735229492
156, 70.89306559925899, 2, 16.271271089999573, 123, 28843, 28843, 3.7914624214172363, 29.128738403320312
157, -146.8100137412548, 2, 4.379314518000683, 30, 28873, 28873, 4.1125898361206055, 28.978490829467773
158, 9.806004177313298, 2, 14.472906207000051, 108, 28981, 28981, 3.780588388442993, 29.016061782836914
159, -3.760442761471495, 2, 5.005111288999615, 35, 29016, 29016, 3.6796817779541016, 29.15696144104004
160, 3.5480591505765915, 2, 5.427896266999596, 38, 29054, 29054, 3.9882142543792725, 30.128128051757812
161, 65.76128912717104, 2, 15.187708149000173, 114, 29168, 29168, 3.8622586727142334, 29.254003524780273
162, 38.37898513954133, 2, 45.55914285900144, 350, 29518, 29518, 3.9491360187530518, 29.348552703857422
163, 72.11135205812752, 2, 24.51279685300142, 186, 29704, 29704, 3.903596878051758, 29.187213897705078
164, 12.50251966714859, 2, 4.353491664000103, 30, 29734, 29734, 4.390598773956299, 29.89588737487793
165, 48.163229952566326, 2, 9.014158997000777, 66, 29800, 29800, 3.9095842838287354, 30.022119522094727
166, 19.137917835265398, 2, 7.316792079998777, 53, 29853, 29853, 4.00941801071167, 29.09504508972168
167, -23.111047707498074, 2, 4.49505094900087, 31, 29884, 29884, 4.054706573486328, 29.839889526367188
168, -89.62586485221982, 2, 29.30107639599919, 223, 30107, 30107, 4.125397682189941, 29.785842895507812
169, 22.460107719991356, 2, 11.829296296000393, 88, 30195, 30195, 3.9592363834381104, 29.592954635620117
170, 58.49189627543092, 2, 8.691887142998894, 63, 30258, 30258, 4.0744309425354, 30.05620002746582
171, -0.33111838065087795, 2, 4.5025361080006405, 31, 30289, 30289, 4.249013423919678, 29.730527877807617
172, 4.779617600142956, 2, 4.789158677998785, 33, 30322, 30322, 4.151422023773193, 29.64158821105957
173, 49.667384077678435, 2, 10.00397269000132, 74, 30396, 30396, 4.1259894371032715, 30.00169563293457
174, 45.16024058312178, 2, 13.648689390000072, 102, 30498, 30498, 4.214001178741455, 29.902109146118164
175, 38.322280306369066, 2, 12.72893257999931, 95, 30593, 30593, 3.9733943939208984, 29.681716918945312
176, 2.203031472861767, 2, 5.559932685000604, 39, 30632, 30632, 4.336973190307617, 29.672225952148438
177, 15.441060725599527, 2, 6.566326887999821, 47, 30679, 30679, 4.084038257598877, 29.87461280822754
178, 72.0548006221652, 2, 12.013143533000402, 89, 30768, 30768, 4.263628005981445, 29.64689826965332
179, 0.8964779606321827, 2, 4.924294173999442, 34, 30802, 30802, 4.111212253570557, 29.863048553466797
180, -106.83451175596565, 2, 49.59219124599986, 380, 31182, 31182, 4.121856212615967, 29.97266387939453
181, 5.938013347797096, 2, 9.40288246899945, 69, 31251, 31251, 4.265209197998047, 29.513898849487305
182, -9.211336020205636, 2, 17.775764207000975, 133, 31384, 31384, 4.234467029571533, 30.233272552490234
183, -14.376700595254079, 2, 10.42569710799944, 77, 31461, 31461, 4.43801736831665, 30.445655822753906
184, -1.771635390818119, 2, 5.968488571001217, 42, 31503, 31503, 4.023884296417236, 30.360721588134766
185, -7.692020372487605, 2, 13.431854340999053, 100, 31603, 31603, 4.420793056488037, 30.29104995727539
186, -95.8200563704595, 2, 43.552659279999716, 334, 31937, 31937, 4.225308418273926, 30.30031967163086
187, 53.51671893708408, 2, 23.00547164300042, 171, 32108, 32108, 4.156885147094727, 30.666263580322266
188, 90.49585349485278, 2, 15.84676382500038, 119, 32227, 32227, 4.417847156524658, 30.503787994384766
189, 7.388533752411604, 2, 5.31614086800073, 37, 32264, 32264, 4.076561450958252, 30.570919036865234
190, 10.182175706140697, 2, 5.428559772999506, 37, 32301, 32301, 4.272634983062744, 30.66362762451172
191, 14.550598594360054, 2, 12.824880088999635, 94, 32395, 32395, 4.273190975189209, 30.56496810913086
192, -13.97835062816739, 2, 16.316484228000263, 122, 32517, 32517, 4.175845146179199, 30.30388832092285
193, -6.656250759027898, 2, 5.426303427999301, 37, 32554, 32554, 4.388678550720215, 30.674894332885742
194, 41.53117325901985, 2, 12.277236224001172, 89, 32643, 32643, 4.237123489379883, 30.947282791137695
195, 9.566834533354267, 2, 17.98414377300105, 135, 32778, 32778, 4.248422622680664, 30.58941650390625
196, 56.1152859153226, 2, 14.860840301998905, 111, 32889, 32889, 4.342400550842285, 30.702878952026367
197, 27.49210799857974, 2, 7.876737372998832, 57, 32946, 32946, 4.543884754180908, 30.69150733947754
198, -6.467342883348465, 2, 5.3300297200003115, 37, 32983, 32983, 4.373473644256592, 30.706682205200195
199, 14.322345728447544, 2, 22.55846657800066, 170, 33153, 33153, 4.436992168426514, 31.138017654418945
200, 47.657626532018185, 2, 11.035249026999736, 82, 33235, 33235, 4.382078647613525, 30.921255111694336
201, 40.1229878552258, 2, 7.848140570999021, 57, 33292, 33292, 4.374483108520508, 30.600723266601562
202, -16.97743466476095, 2, 25.41433988600147, 193, 33485, 33485, 4.420040607452393, 30.95561408996582
203, 10.100455770269036, 2, 29.00449023500005, 222, 33707, 33707, 4.52886438369751, 31.26178741455078
204, 46.1671299431473, 2, 17.07168312900103, 128, 33835, 33835, 4.3609490394592285, 31.38067626953125
205, -31.37428584508598, 2, 43.63507991999904, 335, 34170, 34170, 4.438259124755859, 31.229944229125977
206, 20.669288429431617, 2, 18.37606044400127, 136, 34306, 34306, 4.309903144836426, 31.190303802490234
207, 0.021938228979706764, 2, 4.684212018000835, 32, 34338, 34338, 4.136965751647949, 30.640281677246094
208, 71.26897362433374, 2, 12.184698917999413, 91, 34429, 34429, 4.608682155609131, 31.663923263549805
209, 57.50298688770272, 2, 47.854600529999516, 367, 34796, 34796, 4.497801303863525, 31.276065826416016
210, 90.50525169074535, 2, 13.578804900998875, 102, 34898, 34898, 4.520363807678223, 31.616823196411133
211, 6.8264381773769855, 2, 7.219778282000334, 52, 34950, 34950, 4.56381368637085, 31.270221710205078
212, 19.927409783937037, 2, 16.31410439499996, 123, 35073, 35073, 4.554811000823975, 31.53681182861328
213, 52.18436334654689, 2, 20.713439688001017, 157, 35230, 35230, 4.410132884979248, 31.63294219970703
214, 43.98407237185165, 2, 17.436590015999172, 131, 35361, 35361, 4.525574207305908, 31.581417083740234
215, -31.085458038840443, 2, 4.517807187001381, 31, 35392, 35392, 4.567296028137207, 31.825590133666992
216, -13.171058811247349, 2, 5.4031596280001395, 38, 35430, 35430, 4.41575813293457, 31.35161018371582
217, -28.288930227048695, 2, 33.3799079420005, 255, 35685, 35685, 4.68619966506958, 31.862220764160156
218, 10.853669272735715, 2, 9.974293369999941, 73, 35758, 35758, 4.449741363525391, 31.70404815673828
219, 20.81852199137211, 2, 6.073487091998686, 43, 35801, 35801, 4.5980143547058105, 31.707256317138672
220, 6.0885861063725315, 2, 5.142209502999322, 36, 35837, 35837, 4.3274736404418945, 31.920005798339844
221, 4.83444366697222, 2, 5.136149690999446, 36, 35873, 35873, 4.760671138763428, 32.584590911865234
222, 4.276042461395264, 2, 5.325207091998891, 37, 35910, 35910, 4.958011627197266, 32.68384552001953
223, -11.902154237031937, 2, 5.029039271999864, 35, 35945, 35945, 4.395998001098633, 32.07186508178711
224, -11.089907622896135, 2, 31.4856887549995, 240, 36185, 36185, 4.621282577514648, 32.05756759643555
225, 2.7105848221108317, 2, 10.284828982999898, 76, 36261, 36261, 4.477819442749023, 31.457401275634766
226, 0.14760112948715687, 2, 21.412924655998722, 162, 36423, 36423, 4.492044925689697, 32.086544036865234
227, -7.446897741872817, 2, 4.377681162999579, 30, 36453, 36453, 4.640890121459961, 32.41489791870117
228, 78.15004666429013, 2, 18.302174161999574, 138, 36591, 36591, 4.519130706787109, 32.19890213012695
229, 16.672839641571045, 2, 5.299600024998654, 37, 36628, 36628, 4.512720108032227, 31.796855926513672
230, 43.20801688730717, 2, 10.174471495000034, 75, 36703, 36703, 4.431230068206787, 32.22893142700195
231, -35.90024836361408, 2, 4.366390704999503, 30, 36733, 36733, 4.873007297515869, 32.509300231933594
232, 1.5674862787127495, 2, 7.111362108000321, 51, 36784, 36784, 4.834875583648682, 31.787145614624023
233, 11.371327929198742, 2, 4.750867542999913, 33, 36817, 36817, 4.7151689529418945, 32.166683197021484
234, 17.609474710654467, 2, 8.553443322000021, 62, 36879, 36879, 4.875645160675049, 32.73796844482422
235, 82.08814408271428, 2, 17.65570132799985, 131, 37010, 37010, 4.6437249183654785, 32.196014404296875
236, 26.641656811349094, 2, 8.894177723999746, 64, 37074, 37074, 4.754848480224609, 32.358299255371094
237, -9.065915920538828, 2, 6.430537799000376, 46, 37120, 37120, 4.809479236602783, 31.636310577392578
238, 44.809884128160775, 2, 11.946217746999537, 88, 37208, 37208, 4.708079814910889, 32.61392593383789
239, 18.51687220769236, 2, 5.43420410500039, 38, 37246, 37246, 4.580899238586426, 31.752920150756836
240, 41.55049644038081, 2, 8.015163431000474, 58, 37304, 37304, 4.682068347930908, 32.35439682006836
241, 0.11854769848287106, 2, 5.946834682999906, 42, 37346, 37346, 4.677892684936523, 31.737886428833008
242, 73.92505720816553, 2, 9.952419642999303, 73, 37419, 37419, 4.636346817016602, 32.68526077270508
243, 31.60008380562067, 2, 14.737016197999765, 110, 37529, 37529, 4.6768059730529785, 32.414207458496094
244, -21.86165840830654, 2, 4.397721111999999, 30, 37559, 37559, 4.6005167961120605, 33.01689910888672
245, 1.5582936396822333, 2, 11.093392286999006, 82, 37641, 37641, 4.604701995849609, 32.522239685058594
246, 3.8474952057003975, 2, 9.146591634000288, 67, 37708, 37708, 4.706848621368408, 32.32023239135742
247, -52.1229729851475, 2, 19.931458675000613, 151, 37859, 37859, 4.63191032409668, 32.360435485839844
248, 60.40807073842734, 2, 14.162567336999928, 106, 37965, 37965, 4.5656538009643555, 32.15477752685547
249, -3.358149539679289, 2, 5.156894600000669, 36, 38001, 38001, 4.782861232757568, 32.38822555541992
250, 43.588050852296874, 2, 8.01465085000018, 58, 38059, 38059, 4.730565071105957, 32.78526306152344
251, 16.32511687837541, 2, 12.086461138000232, 89, 38148, 38148, 4.944481372833252, 32.4949951171875
252, 49.467900801915675, 2, 15.134658564000347, 113, 38261, 38261, 4.743800163269043, 32.37239074707031
253, -28.45075101684779, 2, 4.377304921999894, 30, 38291, 38291, 4.947268962860107, 32.230445861816406
254, 3.790980465710163, 2, 5.442833891000191, 38, 38329, 38329, 4.8933939933776855, 32.808475494384766
255, 9.439424403011799, 2, 19.004132513000513, 143, 38472, 38472, 4.722947120666504, 32.39374923706055
256, 37.694596860557795, 2, 6.997544079000363, 49, 38521, 38521, 5.0379557609558105, 32.93416213989258
257, 50.894788878038526, 2, 21.14737327900002, 159, 38680, 38680, 4.820685863494873, 32.45316696166992
258, 1.1354750836035237, 2, 6.071464038999693, 43, 38723, 38723, 4.7858686447143555, 33.105777740478516
259, 54.20172184007242, 2, 20.82193216399901, 157, 38880, 38880, 4.7434916496276855, 32.89120101928711
260, -75.69432244449854, 2, 44.48603797599935, 339, 39219, 39219, 4.9280924797058105, 33.16569137573242
261, 11.50039324350655, 2, 15.8396875239996, 118, 39337, 39337, 4.900702953338623, 33.35917282104492
262, 48.75516325335775, 2, 26.93291554999996, 201, 39538, 39538, 5.024489402770996, 33.10149002075195
263, 26.561304334551096, 2, 13.716903538999759, 102, 39640, 39640, 5.106311798095703, 33.155147552490234
264, -27.029337037354708, 2, 4.38610770699961, 30, 39670, 39670, 5.028840065002441, 32.799800872802734
265, 68.40617470443249, 2, 15.171789145999355, 113, 39783, 39783, 4.943807601928711, 33.27626037597656
266, 11.057526897639036, 2, 11.777293409999402, 87, 39870, 39870, 4.830187797546387, 33.11978530883789
267, 0.4452740103006363, 2, 5.4232078210006875, 38, 39908, 39908, 5.083324432373047, 33.485931396484375
268, 73.01670064684004, 2, 19.060485624999274, 144, 40052, 40052, 5.08294677734375, 33.09147644042969
269, 14.857392438221723, 1, 45.92811486100072, 352, 40404, 40404, 4.947825908660889, 33.34944152832031
270, 1.3151367381215096, 1, 4.354245787999389, 30, 40434, 40434, 4.891397476196289, 34.23460006713867
271, 15.690479405224323, 1, 4.35967400500158, 30, 40464, 40464, 4.845434188842773, 33.85392761230469
272, -148.2189347743988, 2, 4.389658730000519, 30, 40494, 40494, 5.130974769592285, 33.79991149902344
273, -156.8633028268814, 2, 4.401705487000072, 30, 40524, 40524, 5.089635372161865, 33.41084671020508
274, -92.37739631161094, 2, 23.69162464600049, 179, 40703, 40703, 5.070796966552734, 33.3934211730957
275, 15.987013082951307, 2, 10.331924412999797, 76, 40779, 40779, 5.11441707611084, 33.916015625
276, 30.01311393082142, 2, 6.763682468001207, 48, 40827, 40827, 4.829390048980713, 33.91872787475586
277, -0.026476938743144274, 2, 25.940348701000403, 197, 41024, 41024, 5.101139068603516, 34.076324462890625
278, -0.8811685023829341, 2, 19.387647953999476, 146, 41170, 41170, 5.112538814544678, 34.06993103027344
279, 46.48201747122221, 2, 13.17169143799947, 98, 41268, 41268, 5.209746837615967, 33.883731842041016
280, -15.081887252628803, 2, 6.472221922000244, 46, 41314, 41314, 5.066714286804199, 34.06596755981445
281, 97.97375699132681, 2, 16.266617434999716, 122, 41436, 41436, 5.036203861236572, 34.50056838989258
282, -2.7186731845140457, 2, 4.738132259999475, 33, 41469, 41469, 5.041380405426025, 34.8303108215332
283, 11.729862263426185, 2, 7.638113199000145, 55, 41524, 41524, 5.317623615264893, 33.7280158996582
284, 37.602595501579344, 2, 23.321607058000154, 176, 41700, 41700, 5.196054458618164, 34.35183334350586
285, 50.168755736202, 2, 10.077059930999894, 74, 41774, 41774, 5.0338006019592285, 34.27592849731445
286, -9.236771959345788, 2, 30.873024426000484, 235, 42009, 42009, 5.109311580657959, 34.424007415771484
287, 20.861630661413074, 2, 11.27050427299946, 83, 42092, 42092, 5.353977680206299, 34.370967864990234
288, 49.19479577988386, 2, 21.011430873999416, 159, 42251, 42251, 4.997758865356445, 34.26482009887695
289, 36.25260132807307, 2, 12.67154946500159, 94, 42345, 42345, 5.000776767730713, 34.18733215332031
290, 13.81337948795408, 2, 21.26084196100055, 160, 42505, 42505, 5.17551326751709, 34.639671325683594
291, 45.42706364393234, 2, 16.692310971000552, 125, 42630, 42630, 5.09866189956665, 34.45358657836914
292, 9.21578966639936, 2, 6.349762820000251, 45, 42675, 42675, 4.940376281738281, 35.1596794128418
293, -18.614763267338276, 2, 5.41555319300096, 38, 42713, 42713, 5.288173675537109, 35.190643310546875
294, -21.916459032101557, 2, 17.42137350700068, 131, 42844, 42844, 5.245413780212402, 34.33635330200195
295, -114.14861813932657, 2, 30.581860603999303, 233, 43077, 43077, 5.133406162261963, 34.690635681152344
296, 10.559984290972352, 2, 12.026335708998886, 89, 43166, 43166, 5.408811092376709, 34.630123138427734
297, -11.832879688590765, 2, 4.64219416800006, 32, 43198, 43198, 4.788846492767334, 34.56010818481445
298, 89.78709433600307, 2, 17.522251385000345, 131, 43329, 43329, 5.2082672119140625, 35.23442077636719
299, 14.829821506049484, 2, 17.31930457300041, 130, 43459, 43459, 5.233989715576172, 34.86711883544922
300, 95.86970188305713, 2, 14.866194516998803, 111, 43570, 43570, 5.249844551086426, 34.88216018676758
301, -3.225476815365255, 2, 16.15034943700084, 121, 43691, 43691, 5.166493892669678, 35.23311233520508
302, 42.08486188715324, 2, 12.580033673999424, 93, 43784, 43784, 5.263560771942139, 34.733943939208984
303, 76.10524601349607, 2, 17.415389130999756, 131, 43915, 43915, 5.3227925300598145, 35.10506057739258
304, -7.446110094897449, 2, 5.54119929800072, 39, 43954, 43954, 5.474776744842529, 34.897361755371094
305, 67.8664997224696, 2, 13.379951994998919, 100, 44054, 44054, 5.346762657165527, 34.95304870605469
306, 12.72299469448626, 2, 20.290007854999203, 153, 44207, 44207, 5.446914196014404, 35.11330795288086
307, 27.800269632600248, 2, 18.10914404200048, 136, 44343, 44343, 5.434993743896484, 35.005531311035156
308, 17.684672456234694, 2, 8.887497723000706, 65, 44408, 44408, 5.30915641784668, 35.339805603027344
309, 5.785204004961997, 2, 9.973085949999586, 73, 44481, 44481, 5.450791835784912, 35.19081115722656
310, 96.73161587584764, 2, 18.460666737999418, 139, 44620, 44620, 5.2529425621032715, 34.779510498046875
311, -242.92158133769408, 4, 50.30274416800057, 385, 45005, 45005, 5.468986511230469, 35.23004913330078
312, 25.48716859606793, 2, 10.475108312000884, 77, 45082, 45082, 5.338894844055176, 36.13573455810547
313, 66.06016240827739, 2, 7.866011963998972, 57, 45139, 45139, 5.393535614013672, 36.08470916748047
314, -72.89765555039048, 2, 41.76608379899881, 319, 45458, 45458, 5.372557640075684, 35.621116638183594
315, 7.382841631770134, 2, 5.982064198000444, 42, 45500, 45500, 4.6761908531188965, 36.289459228515625
316, 51.48252406041138, 2, 18.38105526199979, 138, 45638, 45638, 5.36691951751709, 36.04252243041992
317, 66.01770496089011, 2, 8.365920139998707, 61, 45699, 45699, 5.729281425476074, 36.59737777709961
318, 44.64911036193371, 2, 11.004956890999892, 81, 45780, 45780, 5.599172115325928, 36.09225082397461
319, 44.87766030430794, 2, 8.577268827999433, 62, 45842, 45842, 5.433627128601074, 36.20619583129883
320, 52.924478225409985, 2, 9.963020551000227, 73, 45915, 45915, 5.455291271209717, 35.93201446533203
321, 49.439358711242676, 2, 11.400667780000731, 84, 45999, 45999, 5.269623756408691, 35.857784271240234
322, 55.41735557094216, 2, 16.17900843999996, 121, 46120, 46120, 5.486741065979004, 36.26375198364258
323, 19.786591663956642, 2, 12.297741659000167, 91, 46211, 46211, 5.183867931365967, 36.03715133666992
324, 8.150194422341883, 2, 5.681831145000615, 40, 46251, 46251, 5.339033603668213, 35.36661911010742
325, 5.690438162535429, 2, 8.143308631000764, 59, 46310, 46310, 5.285274505615234, 35.60155487060547
326, -40.91032999753952, 2, 4.393555575999926, 30, 46340, 46340, 5.383786678314209, 36.01540756225586
327, 94.29494827985764, 2, 16.43490882399965, 123, 46463, 46463, 5.481674671173096, 35.41718292236328
328, 50.99948057066649, 2, 20.417832700999497, 154, 46617, 46617, 5.3575968742370605, 35.95366287231445
329, 7.940038033761084, 2, 17.814640733000488, 133, 46750, 46750, 5.409637928009033, 35.516605377197266
330, 44.17367953248322, 2, 8.563334080999994, 62, 46812, 46812, 5.373504638671875, 35.76610565185547
331, 18.27197507582605, 2, 5.856382416999622, 41, 46853, 46853, 5.3469085693359375, 36.08280563354492
332, 41.62047127797268, 2, 22.236692518999917, 168, 47021, 47021, 5.337246417999268, 36.20813751220703
333, 52.9429392516613, 2, 15.33473750200028, 114, 47135, 47135, 5.277103424072266, 35.77247619628906
334, 7.773739087861031, 2, 23.098208297999008, 174, 47309, 47309, 5.502063274383545, 36.324195861816406
335, 14.492962568998337, 2, 5.6994701309995435, 40, 47349, 47349, 5.296351432800293, 36.486324310302734
336, 40.478966323658824, 2, 8.428968556001564, 61, 47410, 47410, 5.565075874328613, 36.057586669921875
337, -9.247676901519299, 2, 5.285608624000815, 37, 47447, 47447, 5.331324577331543, 35.503578186035156
338, 4.818171128630638, 2, 9.002130938000846, 65, 47512, 47512, 5.541091442108154, 35.712379455566406
339, 67.98259301576763, 2, 18.440204108001126, 138, 47650, 47650, 5.724108695983887, 36.18604278564453
340, 3.9511659620329738, 2, 10.620176566000737, 78, 47728, 47728, 5.723892688751221, 36.48475646972656
341, -0.7518862794386223, 2, 19.23972117899939, 145, 47873, 47873, 5.6777119636535645, 36.23225784301758
342, 30.216756934300065, 2, 8.524039635000008, 62, 47935, 47935, 5.966370582580566, 36.717857360839844
343, -291.8953749956563, 2, 34.92280872200172, 266, 48201, 48201, 5.673336982727051, 36.38121032714844
344, -26.272446988150477, 2, 16.27329896399897, 122, 48323, 48323, 5.625382423400879, 36.314456939697266
345, -82.28304099477828, 2, 22.116148067998438, 167, 48490, 48490, 5.590152263641357, 36.35648727416992
346, 6.716583266388625, 2, 9.864832805998958, 72, 48562, 48562, 5.4312028884887695, 35.97980499267578
347, 13.305872544646263, 2, 19.683102060998863, 148, 48710, 48710, 5.553657531738281, 36.903202056884766
348, 3.229899177327752, 2, 5.1846668790003605, 36, 48746, 48746, 5.854516506195068, 37.5760498046875
349, 19.040846086572856, 2, 5.844627726000908, 41, 48787, 48787, 5.850005626678467, 37.35740661621094
350, -5.709938023239374, 2, 4.417692527998952, 30, 48817, 48817, 5.821786403656006, 37.09947204589844
351, 8.749144405126572, 2, 7.673822626000401, 55, 48872, 48872, 5.682122230529785, 36.7802734375
352, -189.27791459928267, 4, 50.274593551999715, 384, 49256, 49256, 5.648099422454834, 36.768150329589844
353, 50.67026709020138, 2, 9.894260303999545, 72, 49328, 49328, 5.67629861831665, 36.6059684753418
354, 37.69756367430091, 2, 18.26003531099923, 137, 49465, 49465, 5.560161590576172, 36.686561584472656
355, -95.30521330295596, 2, 38.56109658300011, 293, 49758, 49758, 5.6215596199035645, 36.908817291259766
356, 10.092719899490476, 2, 21.686863783001172, 163, 49921, 49921, 5.731557846069336, 36.94194030761719
357, 0.5390091255540028, 2, 4.809483951999937, 33, 49954, 49954, 5.5113630294799805, 36.8296012878418
358, 25.77230290696025, 2, 23.451844865001476, 177, 50131, 50131, 5.7022223472595215, 36.7714729309082
359, -34.41073450446129, 2, 4.656026302998725, 32, 50163, 50163, 5.652848243713379, 36.57948303222656
360, 24.756900526583195, 2, 19.57560824599932, 147, 50310, 50310, 5.8214802742004395, 36.825321197509766
361, 5.269957646727562, 2, 6.442250864998641, 46, 50356, 50356, 5.587036609649658, 38.04387664794922
362, 32.59650923567824, 2, 17.194598477999534, 129, 50485, 50485, 5.676691055297852, 36.48262023925781
363, 31.649233147501945, 2, 9.703900573000283, 71, 50556, 50556, 5.4723124504089355, 38.03607940673828
364, 27.020691781770438, 2, 17.582897487000082, 132, 50688, 50688, 5.754987716674805, 37.288822174072266
365, -44.771190056577325, 2, 19.052172849998897, 143, 50831, 50831, 5.909028053283691, 36.72862243652344
366, 25.054055888205767, 2, 10.65427972299949, 78, 50909, 50909, 5.687495708465576, 37.71567916870117
367, 0.968685971951345, 2, 7.26694523399965, 52, 50961, 50961, 5.4963507652282715, 36.86376190185547
368, -78.90573520772159, 2, 41.70464708799955, 317, 51278, 51278, 5.864416122436523, 37.41379928588867
369, 1.1889878548681736, 2, 7.383699717998752, 53, 51331, 51331, 6.121701717376709, 38.43423843383789
370, -87.2065523667261, 2, 38.14626390800004, 289, 51620, 51620, 5.730844020843506, 37.528438568115234
371, 32.06704195123166, 2, 14.12883036600033, 105, 51725, 51725, 5.923669815063477, 37.16949462890625
372, -536.0159617932513, 4, 50.27648460199998, 381, 52106, 52106, 5.8237199783325195, 37.66455841064453
373, -178.46179643453797, 2, 32.9940474849991, 251, 52357, 52357, 5.705000877380371, 37.999996185302734
374, -408.99577094614506, 2, 29.68317156700141, 225, 52582, 52582, 5.8746442794799805, 38.585811614990234
375, -2.7119342096848413, 2, 6.0840990409997175, 43, 52625, 52625, 5.8766937255859375, 38.46083068847656
376, -131.09738299250603, 2, 41.787867374998314, 318, 52943, 52943, 5.760282516479492, 38.62891387939453
377, 28.669869611039758, 2, 18.409043275998556, 137, 53080, 53080, 5.991852760314941, 38.192508697509766
378, -135.36890452820808, 2, 46.936336622000454, 356, 53436, 53436, 5.7484283447265625, 38.657615661621094
379, 61.64511600881815, 2, 15.720259637000709, 116, 53552, 53552, 6.080149173736572, 38.67610168457031
380, 30.6157682351768, 2, 10.42135669199888, 76, 53628, 53628, 5.509586811065674, 38.45779800415039
381, 69.02735316043254, 2, 14.33855723600027, 106, 53734, 53734, 6.034502029418945, 38.990074157714844
382, 78.04092004336417, 2, 18.80255771300108, 141, 53875, 53875, 5.930027008056641, 38.62590408325195
383, -17.60211906582117, 2, 4.392686203998892, 30, 53905, 53905, 5.773237228393555, 38.75634765625
384, -36.35749824345112, 2, 4.665261488999022, 32, 53937, 53937, 6.116943836212158, 38.186012268066406
385, 48.578921099193394, 2, 19.872710138999537, 149, 54086, 54086, 5.968183517456055, 38.821937561035156
386, 2.3678302452899516, 2, 8.486881030001314, 61, 54147, 54147, 5.848042011260986, 38.005619049072266
387, -18.92673826403916, 2, 5.140861010000663, 35, 54182, 54182, 5.760056972503662, 39.34142303466797
388, 53.26876438385807, 2, 7.906870966000497, 57, 54239, 54239, 6.005172252655029, 38.98370361328125
389, -50.28518014587462, 2, 19.936413171999448, 149, 54388, 54388, 5.822575569152832, 38.79692840576172
390, 5.069015569984913, 2, 4.52773103599975, 31, 54419, 54419, 6.389830589294434, 39.231590270996094
391, 28.854300402570516, 2, 6.251094107999961, 44, 54463, 54463, 5.645382404327393, 38.515079498291016
392, 8.513466808246449, 2, 18.675699511999483, 139, 54602, 54602, 5.799457550048828, 39.2308464050293
393, 2.7784104361198843, 2, 25.07997967600022, 189, 54791, 54791, 5.968601226806641, 39.06830596923828
394, 73.19729417655617, 2, 12.483000596999773, 92, 54883, 54883, 5.879146575927734, 39.33430480957031
395, 38.05049426550977, 2, 8.874852844999623, 64, 54947, 54947, 5.9068708419799805, 38.53074264526367
396, -3.6935878228396177, 2, 5.492401728999539, 38, 54985, 54985, 5.913049221038818, 39.00560760498047
397, 43.218350587412715, 2, 13.805995249998887, 102, 55087, 55087, 5.91916036605835, 38.61358642578125
398, -4.679519044235349, 2, 6.603962005001449, 46, 55133, 55133, 5.824376583099365, 39.02561950683594
399, 7.671867058612406, 2, 6.201476704000015, 43, 55176, 55176, 5.883398532867432, 38.8133430480957
400, 74.19997946359217, 2, 23.47068447899983, 177, 55353, 55353, 5.943986892700195, 38.973060607910156
401, 26.502891296404414, 2, 9.13824879599997, 66, 55419, 55419, 6.224930286407471, 39.31306076049805
402, 68.27329355105758, 2, 16.096536623999782, 120, 55539, 55539, 6.051653861999512, 39.01119613647461
403, -33.41465809941292, 2, 4.423217352999927, 30, 55569, 55569, 5.472456932067871, 39.04522705078125
404, -36.137713581323624, 2, 4.431857296000089, 30, 55599, 55599, 6.10763692855835, 39.68330001831055
405, 92.29513431387022, 2, 17.622677071, 130, 55729, 55729, 6.110583782196045, 38.600711822509766
406, 32.29356904514134, 2, 11.966331112000262, 88, 55817, 55817, 6.102476596832275, 38.094970703125
407, -105.58362362533808, 2, 14.082633441001235, 104, 55921, 55921, 6.123883247375488, 38.983524322509766
408, 10.51970141241327, 2, 9.096628467999835, 66, 55987, 55987, 6.100866317749023, 38.33840560913086
409, -14.030308414250612, 2, 16.090066383001613, 120, 56107, 56107, 6.189065933227539, 38.74250793457031
410, 46.75464351964183, 2, 18.97060134000094, 142, 56249, 56249, 6.098740100860596, 39.33515548706055
411, -3.0914113870239817, 2, 33.16575924499921, 252, 56501, 56501, 6.174741744995117, 39.083526611328125
412, 3.1390592493116856, 2, 7.89504247900004, 57, 56558, 56558, 6.236483573913574, 39.23402786254883
413, -14.092116121202707, 2, 7.803123865000089, 56, 56614, 56614, 6.128295421600342, 39.89417266845703
414, 6.724152779206634, 2, 6.49331062499914, 46, 56660, 56660, 6.175281047821045, 39.556922912597656
415, 58.39901830395684, 2, 16.787097620999702, 125, 56785, 56785, 5.9778571128845215, 38.72552490234375
416, 35.761997371912, 2, 8.253937399998904, 60, 56845, 56845, 5.989686965942383, 39.13813400268555
417, -0.5277967662550509, 2, 4.414151643999503, 30, 56875, 56875, 6.04707145690918, 39.62431716918945
418, -43.01693966984749, 2, 4.400799761999224, 30, 56905, 56905, 5.731614112854004, 39.30398178100586
419, -50.58699596486986, 2, 25.345111802998872, 191, 57096, 57096, 6.231220245361328, 39.308929443359375
420, 1.9658989659510553, 2, 5.081918589999987, 35, 57131, 57131, 6.092289447784424, 38.58953094482422
421, 97.65560595225543, 1, 31.683546539001327, 239, 57370, 57370, 6.103972911834717, 39.21296310424805
422, 24.299954682588577, 1, 4.404171689000577, 30, 57400, 57400, 5.756792068481445, 38.89329147338867
423, 27.381251215934753, 1, 4.449323982000351, 30, 57430, 57430, 6.17520809173584, 37.76154327392578
424, 26.224399149417877, 1, 4.509674951001216, 30, 57460, 57460, 6.272268295288086, 37.99040985107422
425, 44.27557007968426, 1, 4.441409025001121, 30, 57490, 57490, 5.7381978034973145, 38.727783203125
426, 43.140159130096436, 1, 4.413657859999148, 30, 57520, 57520, 6.34110164642334, 39.44562530517578
427, 38.81395563483238, 1, 4.41794139600097, 30, 57550, 57550, 6.228761196136475, 40.05390548706055
428, 48.03342315554619, 1, 4.421434187999694, 30, 57580, 57580, 5.52731990814209, 40.37546157836914
429, 30.57576224207878, 1, 4.403188311998747, 30, 57610, 57610, 6.077280521392822, 39.21352005004883
430, 3.5885139897000045, 2, 9.342324332999851, 68, 57678, 57678, 6.039429664611816, 39.0606689453125
431, -0.22831223160028458, 2, 5.0380725909999455, 35, 57713, 57713, 6.306608200073242, 39.70474624633789
432, 39.59176835580729, 2, 13.260984059999828, 98, 57811, 57811, 6.204990386962891, 39.39461135864258
433, 43.79007935523987, 2, 10.44967436799925, 76, 57887, 57887, 6.326064586639404, 39.8602180480957
434, 49.04077297449112, 2, 9.855939719998787, 72, 57959, 57959, 6.24553108215332, 39.86775588989258
435, 108.6773281712085, 2, 16.40691655699993, 121, 58080, 58080, 6.292773246765137, 39.430484771728516
436, 1.9477092688903213, 2, 24.768644421001227, 186, 58266, 58266, 6.281198024749756, 39.82615661621094
437, 51.88803602010012, 2, 10.829401114000575, 79, 58345, 58345, 5.959681034088135, 39.5238151550293
438, -37.88256600499153, 2, 4.399436296000204, 30, 58375, 58375, 6.812657833099365, 40.54487228393555
439, 24.658044634154066, 2, 19.14578940300089, 143, 58518, 58518, 6.221126079559326, 39.71144485473633
440, -463.22645205352455, 4, 50.12179041899981, 380, 58898, 58898, 6.245626449584961, 39.785240173339844
441, 50.74859946593642, 2, 10.329994013998657, 73, 58971, 58971, 6.207192897796631, 39.5476188659668
442, 27.864624369889498, 2, 12.654744662002486, 92, 59063, 59063, 6.0709147453308105, 39.551910400390625
443, -3.697857614606619, 2, 16.5323706090021, 123, 59186, 59186, 6.228527545928955, 40.277931213378906
444, 56.697096440475434, 2, 8.351693622000312, 60, 59246, 59246, 6.322214603424072, 40.597557067871094
445, -491.0787431169301, 2, 43.76912273799826, 331, 59577, 59577, 6.155386447906494, 39.96623229980469
446, 71.69798225350678, 2, 22.78357626199795, 171, 59748, 59748, 6.421935558319092, 40.286094665527344
447, -10.401911698281765, 2, 32.48062666199985, 244, 59992, 59992, 6.090630054473877, 40.31581115722656
448, 20.057313909754157, 2, 11.075011924996943, 81, 60073, 60073, 6.200469017028809, 40.38138198852539
449, -30.153940732590854, 2, 30.959870904000127, 233, 60306, 60306, 6.13992977142334, 40.44062423706055
450, 26.161351650953293, 2, 8.909331112998188, 64, 60370, 60370, 6.122819423675537, 40.404991149902344
451, -15.241401068866253, 2, 4.993453594997845, 34, 60404, 60404, 6.380042552947998, 40.4239616394043
452, -21.35745864547789, 2, 4.76306268800181, 33, 60437, 60437, 6.624256134033203, 41.85002517700195
453, 71.9383002333343, 2, 10.183325767000497, 74, 60511, 60511, 6.107895374298096, 39.918609619140625
454, -42.45400612056255, 2, 4.576616801001364, 31, 60542, 60542, 6.1033549308776855, 40.28760528564453
455, -41.08364021778107, 2, 4.432550577999791, 30, 60572, 60572, 6.581663131713867, 39.51953125
456, 47.77976581733674, 2, 24.309168977997615, 181, 60753, 60753, 6.378250598907471, 40.02518081665039
457, -35.966741194948554, 2, 20.099830890001613, 150, 60903, 60903, 6.424557685852051, 40.37525177001953
458, 94.56105118244886, 2, 16.654795676000504, 123, 61026, 61026, 6.234410762786865, 40.16792678833008
459, -7.32319688424468, 2, 4.554133225999976, 31, 61057, 61057, 6.636805057525635, 40.954505920410156
460, 5.392309820279479, 2, 8.216842161997192, 59, 61116, 61116, 6.453453063964844, 41.87449645996094
461, -5.215583986544516, 2, 5.0439527290000115, 35, 61151, 61151, 6.147990703582764, 39.62797164916992
462, -26.435830608010292, 2, 4.649148096999852, 32, 61183, 61183, 6.318953037261963, 41.206729888916016
463, 65.05609429627657, 2, 11.014100049000263, 80, 61263, 61263, 6.498909950256348, 40.18242645263672
464, 0.1142093762755394, 2, 12.077450675002183, 87, 61350, 61350, 6.300078868865967, 40.33360290527344
465, 37.5958114285022, 2, 14.171293381001306, 105, 61455, 61455, 6.219720363616943, 40.66794967651367
466, 20.843559224158525, 2, 7.067598254001496, 50, 61505, 61505, 6.021174430847168, 40.59341049194336
467, -444.7933011315763, 2, 41.12515792499835, 311, 61816, 61816, 6.309057712554932, 40.15372085571289
468, 8.24116550385952, 2, 6.016680181997799, 42, 61858, 61858, 6.380756855010986, 39.52082061767578
469, 71.4450597949326, 2, 9.251898584003357, 67, 61925, 61925, 6.176283836364746, 40.28990173339844
470, -4.006227970123291, 2, 4.9563410810005735, 34, 61959, 61959, 5.988984107971191, 40.29999542236328
471, -4.218472838401794, 2, 4.953734185997746, 34, 61993, 61993, 6.393362045288086, 39.29115295410156
472, 3.294501304626465, 2, 8.235943513001985, 59, 62052, 62052, 6.129096984863281, 40.68120193481445
473, -36.571700499393046, 2, 12.330138099001488, 89, 62141, 62141, 6.3469133377075195, 40.71725082397461
474, 139.37646700628102, 2, 19.973971508999966, 149, 62290, 62290, 6.493062973022461, 40.652286529541016
475, -11.6864545927383, 2, 9.493769104999956, 69, 62359, 62359, 6.308879375457764, 40.45946502685547
476, 40.56552091240883, 2, 17.005054117002146, 125, 62484, 62484, 6.4373674392700195, 41.136234283447266
477, 14.591195099055767, 2, 11.540986506999616, 84, 62568, 62568, 5.992414951324463, 40.793087005615234
478, -259.89796366076916, 2, 43.35987280200061, 328, 62896, 62896, 6.306596755981445, 40.68959426879883
479, 90.97463752701879, 2, 18.05185782999979, 134, 63030, 63030, 6.2991509437561035, 41.17546463012695
480, 25.792464329861104, 2, 8.630416978001449, 61, 63091, 63091, 6.550130367279053, 40.963218688964844
481, -37.42777782678604, 2, 4.457719404999807, 30, 63121, 63121, 6.572205543518066, 41.40595245361328
482, -17.065217182040215, 2, 7.57220712599883, 54, 63175, 63175, 6.079212188720703, 40.67180633544922
483, -10.598901569843292, 2, 4.477111722997506, 30, 63205, 63205, 6.611412048339844, 39.86964797973633
484, 7.81933756172657, 2, 10.02013160900242, 73, 63278, 63278, 6.404457092285156, 40.6818733215332
485, -32.477519169449806, 2, 4.42848314100047, 30, 63308, 63308, 6.091409683227539, 41.068641662597656
486, 89.37151026306674, 2, 16.516517804000614, 123, 63431, 63431, 6.4473347663879395, 41.149330139160156
487, 105.87001196667552, 2, 14.669166936997499, 107, 63538, 63538, 6.556904315948486, 40.809715270996094
488, -23.12693965435028, 2, 4.471922168999299, 30, 63568, 63568, 6.626333236694336, 40.303855895996094
489, 19.802570974454284, 2, 12.788957185999607, 94, 63662, 63662, 6.606293201446533, 40.64194107055664
490, -14.049812853336334, 2, 7.945058870998764, 57, 63719, 63719, 6.472408294677734, 40.84830856323242
491, 15.270790658891201, 2, 15.524888190000638, 115, 63834, 63834, 6.381944179534912, 40.52069854736328
492, -39.46457922109403, 2, 30.77044712499992, 231, 64065, 64065, 6.508831024169922, 40.80684280395508
493, 65.2039361805655, 2, 10.605882399999246, 77, 64142, 64142, 6.393242359161377, 40.481849670410156
494, 58.39028278551996, 2, 8.732280069001717, 63, 64205, 64205, 6.371378421783447, 41.20637893676758
495, 16.265865460038185, 2, 8.806959961002576, 64, 64269, 64269, 6.280645370483398, 40.15641784667969
496, -3.0498225893825293, 2, 5.62665264899988, 39, 64308, 64308, 6.519228935241699, 40.54773712158203
497, -25.358853802084923, 2, 4.548629761000484, 31, 64339, 64339, 6.4240031242370605, 40.811134338378906
498, -70.69861945323646, 2, 18.481817965999653, 138, 64477, 64477, 6.547722339630127, 40.96931457519531
499, -6.298419505357742, 2, 9.521436422000988, 69, 64546, 64546, 6.145371913909912, 41.31481170654297
500, -16.752447992563248, 2, 9.78841498499969, 71, 64617, 64617, 6.254251956939697, 40.457298278808594
501, -3.256408362649381, 2, 5.222659849001502, 36, 64653, 64653, 6.565891265869141, 40.85026550292969
502, -23.845094323158264, 2, 5.235121216999687, 36, 64689, 64689, 6.491379261016846, 41.53711700439453
503, -14.700050601735711, 2, 4.422132555999269, 30, 64719, 64719, 6.6445794105529785, 40.19621658325195
504, -43.07368214428425, 2, 4.440374999998312, 30, 64749, 64749, 6.414788246154785, 40.248477935791016
505, 27.28560698032379, 2, 8.069804897000722, 58, 64807, 64807, 6.114953994750977, 40.346431732177734
506, -1.1340046264231205, 2, 5.451951559000008, 38, 64845, 64845, 6.2419281005859375, 40.62550735473633
507, 79.2144530894002, 2, 31.827554957002576, 237, 65082, 65082, 6.461491107940674, 41.22879409790039
508, 0.6205382347106934, 2, 5.49801419400319, 38, 65120, 65120, 6.461831569671631, 41.34932327270508
509, -33.68456940352917, 2, 4.467175780999241, 30, 65150, 65150, 6.257681369781494, 40.24488830566406
510, -33.92648893594742, 2, 4.412802080998517, 30, 65180, 65180, 6.340487003326416, 41.238887786865234
511, 60.00718433223665, 2, 8.41625849099728, 60, 65240, 65240, 6.427464008331299, 40.87643814086914
512, 87.01839378476143, 2, 17.788036450001528, 132, 65372, 65372, 6.381830215454102, 40.83042526245117
513, -30.18544800579548, 2, 4.725060747998214, 32, 65404, 65404, 6.4500861167907715, 40.31428527832031
514, 0.511563254520297, 2, 12.620944247999432, 92, 65496, 65496, 6.267240524291992, 40.87632369995117
515, 49.41765081882477, 2, 9.473666065998259, 69, 65565, 65565, 6.69013786315918, 41.31476593017578
516, 28.115334816277027, 2, 10.353789591998066, 75, 65640, 65640, 6.251804828643799, 41.0301513671875
517, 50.86907398700714, 2, 8.113030339998659, 58, 65698, 65698, 6.507538318634033, 40.6714973449707
518, 34.09453082084656, 2, 13.637610331999895, 100, 65798, 65798, 6.406621932983398, 41.242431640625
519, 4.166865587234497, 2, 5.512212246998388, 38, 65836, 65836, 6.459827899932861, 40.51633071899414
520, 9.422407668083906, 2, 6.38398597700143, 45, 65881, 65881, 6.330042362213135, 40.87664031982422
521, -40.96279962360859, 2, 4.426582120999228, 30, 65911, 65911, 6.463809490203857, 40.501014709472656
