episode, reward, success, duration, steps, total_steps, memory length, avg_critic_loss, avg_actor_loss
1, -9.50238688258105, 2, 7.4357691280001745, 58, 15004, 15004, 1.2652525901794434, 7.293038845062256
2, -23.586142295622267, 4, 40.17994228199859, 330, 15334, 15334, 1.309828519821167, 7.445633411407471
3, -29.852589699905366, 2, 21.59198344700053, 175, 15509, 15509, 1.3778268098831177, 7.648551940917969
4, -15.494106353260577, 2, 9.89592968100078, 78, 15587, 15587, 1.3631627559661865, 7.817181587219238
5, -29.001037232097588, 4, 40.08201320900116, 329, 15916, 15916, 1.390808343887329, 7.946720123291016
6, -44.100003748200834, 2, 31.344315943000765, 255, 16171, 16171, 1.391024112701416, 8.035333633422852
7, -42.8695001557935, 2, 38.61274314199909, 314, 16485, 16485, 1.4435055255889893, 8.261453628540039
8, -22.260254571971018, 4, 40.08904041599999, 329, 16814, 16814, 1.4428654909133911, 8.451966285705566
9, -18.4845749149099, 2, 10.640562962998956, 84, 16898, 16898, 1.4468804597854614, 8.512943267822266
10, -28.157448611804284, 2, 32.53734862300007, 266, 17164, 17164, 1.3831743001937866, 8.47317123413086
11, -10.829546193766873, 4, 40.186074315999576, 329, 17493, 17493, 1.371212363243103, 8.629521369934082
12, -11.57488076807931, 2, 19.22938972100019, 154, 17647, 17647, 1.2591453790664673, 8.602787017822266
13, -13.095707488188054, 2, 19.53249125899856, 157, 17804, 17804, 1.2722902297973633, 8.723761558532715
14, -3.200630902138073, 4, 40.117375853998965, 328, 18132, 18132, 1.2280455827713013, 8.655817985534668
15, -9.29834197810851, 2, 12.942227481000373, 103, 18235, 18235, 1.1887331008911133, 8.626704216003418
16, -15.391369132325053, 2, 34.250684476999595, 279, 18514, 18514, 1.1482148170471191, 8.655838966369629
17, -15.543165346607566, 4, 40.150683514000775, 329, 18843, 18843, 1.0746010541915894, 8.680999755859375
18, -15.18939911480993, 4, 40.1327504689998, 329, 19172, 19172, 0.9999212622642517, 8.697649002075195
19, -11.346174395876005, 4, 40.17882106400066, 330, 19502, 19502, 0.9531270265579224, 8.627725601196289
20, -10.844758265418932, 4, 40.09958576200006, 328, 19830, 19830, 0.8897204399108887, 8.701685905456543
21, -10.66663564927876, 2, 25.38154285699966, 205, 20035, 20035, 0.8546590805053711, 8.709007263183594
22, -9.070968776009977, 2, 23.217327185000613, 188, 20223, 20223, 0.8130636215209961, 8.650115013122559
23, -30.006901726606884, 4, 40.11408086800111, 329, 20552, 20552, 0.7801781892776489, 8.793251991271973
24, -19.932321241125464, 4, 40.127913588999945, 328, 20880, 20880, 0.7686985731124878, 8.790826797485352
25, -12.803854414902162, 2, 34.52864618499916, 282, 21162, 21162, 0.7201984524726868, 8.86719799041748
26, -13.272634217049927, 4, 40.139110891999735, 329, 21491, 21491, 0.6823877692222595, 8.88613510131836
27, -6.655527310445905, 2, 4.794176558001709, 35, 21526, 21526, 0.6401574015617371, 9.06477165222168
28, -8.23097016349493, 4, 40.140186893000646, 328, 21854, 21854, 0.6480703353881836, 8.967967987060547
29, -15.699272502184613, 4, 40.11186061300032, 327, 22181, 22181, 0.6244855523109436, 8.952303886413574
30, -10.286514223429549, 2, 27.967262938000204, 227, 22408, 22408, 0.5805087089538574, 9.071426391601562
31, -3.609503928455524, 4, 40.177400496999326, 329, 22737, 22737, 0.5610038042068481, 9.104360580444336
32, -7.512295737396926, 2, 7.7794388359998266, 60, 22797, 22797, 0.5676009058952332, 9.138547897338867
33, -16.714196085759795, 2, 31.05811730500136, 252, 23049, 23049, 0.5352982878684998, 9.101451873779297
34, -10.854466687422246, 2, 21.126918129000842, 170, 23219, 23219, 0.5255173444747925, 9.170751571655273
35, -9.471235176548362, 2, 6.186328854999374, 47, 23266, 23266, 0.506909966468811, 9.050918579101562
36, -14.516849316874868, 2, 31.80235668200112, 258, 23524, 23524, 0.5152588486671448, 9.128063201904297
37, -13.636461298097856, 4, 40.10316253600104, 327, 23851, 23851, 0.5079519152641296, 9.268913269042969
38, -7.265849124640226, 2, 6.362419258000955, 48, 23899, 23899, 0.5020180940628052, 9.287911415100098
39, -12.379665708867833, 2, 36.881003644000884, 301, 24200, 24200, 0.4816875755786896, 9.309708595275879
40, -12.637174609410522, 4, 40.182414222999796, 326, 24526, 24526, 0.4856232702732086, 9.352206230163574
41, -2.206833342264872, 4, 40.12805321799897, 327, 24853, 24853, 0.47656384110450745, 9.493324279785156
42, -7.637014024090604, 2, 14.11532676599927, 112, 24965, 24965, 0.48186320066452026, 9.453909873962402
43, -10.444794785638805, 4, 40.192309702000784, 326, 25291, 25291, 0.45598509907722473, 9.521285057067871
44, -2.123356657648401, 4, 40.1873608019996, 329, 25620, 25620, 0.4442134499549866, 9.566819190979004
45, -4.846967324381694, 4, 40.116423524999846, 325, 25945, 25945, 0.43801021575927734, 9.538313865661621
46, -6.5522763130720705, 2, 17.53339871299977, 140, 26085, 26085, 0.43457475304603577, 9.5994234085083
47, -8.122515340801328, 2, 6.811323868001637, 52, 26137, 26137, 0.4483097195625305, 9.568418502807617
48, -3.77846235409379, 4, 40.10618643000089, 327, 26464, 26464, 0.43927767872810364, 9.622588157653809
49, -12.970871611858456, 4, 40.14061859100002, 326, 26790, 26790, 0.43269723653793335, 9.693044662475586
50, -9.687120835995302, 4, 40.11783880400071, 324, 27114, 27114, 0.41171011328697205, 9.718119621276855
51, -13.647505804663524, 2, 13.165710146000492, 105, 27219, 27219, 0.42239895462989807, 9.77253532409668
52, -3.4345254541694885, 4, 40.1418123429994, 329, 27548, 27548, 0.4178083837032318, 9.683975219726562
53, -3.459100104722893, 4, 40.166049565999856, 329, 27877, 27877, 0.40535813570022583, 9.823051452636719
54, -4.11252449330641, 4, 40.17280828899857, 329, 28206, 28206, 0.3884660303592682, 9.76856803894043
55, -2.5221755371894687, 4, 40.111033712999415, 328, 28534, 28534, 0.39516857266426086, 9.843765258789062
56, -13.781980117986677, 4, 40.189995503998944, 329, 28863, 28863, 0.37511661648750305, 9.854168891906738
57, -9.583667889703065, 2, 4.1437877059997845, 30, 28893, 28893, 0.37886732816696167, 9.808466911315918
58, -1.436449971050024, 4, 40.09121838000101, 328, 29221, 29221, 0.3880063593387604, 9.91315746307373
59, -5.270966016454622, 4, 40.18163687500055, 329, 29550, 29550, 0.37106651067733765, 9.923632621765137
60, -6.132263610139489, 4, 40.081432524000775, 328, 29878, 29878, 0.3587656021118164, 9.897143363952637
61, -8.153871163725853, 2, 6.7569745290002174, 52, 29930, 29930, 0.3922678530216217, 9.83836555480957
62, -1.6333628457505256, 4, 40.15851274099987, 329, 30259, 30259, 0.3580416738986969, 9.948587417602539
63, -2.4979198173423356, 4, 40.19309095199969, 329, 30588, 30588, 0.357780784368515, 9.952665328979492
64, -3.0240704625612125, 4, 40.13116679199993, 329, 30917, 30917, 0.331305593252182, 10.01186466217041
65, -2.9469204409979284, 4, 40.201107621998744, 329, 31246, 31246, 0.3370451033115387, 9.946951866149902
66, -4.250877926824614, 4, 40.09660928900121, 328, 31574, 31574, 0.34868910908699036, 9.973936080932617
67, -20.1831593652023, 2, 39.280936440000005, 322, 31896, 31896, 0.33395910263061523, 9.937984466552734
68, -2.6032400368712842, 4, 40.15575546199943, 329, 32225, 32225, 0.32836195826530457, 9.973113059997559
69, -12.046663619636092, 2, 35.799164727999596, 292, 32517, 32517, 0.3189285099506378, 9.970992088317871
70, -2.022172018798301, 4, 40.07960759699927, 328, 32845, 32845, 0.3089788854122162, 10.012493133544922
71, -7.933455695543671, 4, 40.122579156999564, 328, 33173, 33173, 0.30944687128067017, 10.02055835723877
72, -7.69861022150144, 2, 5.324081125001612, 40, 33213, 33213, 0.30952879786491394, 10.131763458251953
73, -7.331412283383543, 4, 40.09799883899905, 328, 33541, 33541, 0.30625119805336, 10.02042007446289
74, -2.863592349924147, 4, 40.08062516799873, 328, 33869, 33869, 0.30302414298057556, 10.034083366394043
75, -2.960193410050124, 4, 40.164597527000296, 329, 34198, 34198, 0.2939392030239105, 9.994338989257812
76, -6.963071923702955, 2, 7.502952279000965, 58, 34256, 34256, 0.2894318997859955, 9.94555950164795
77, -5.778104880795581, 4, 40.16031590199964, 329, 34585, 34585, 0.2972669303417206, 10.021214485168457
78, -7.132759639061987, 2, 5.121934762000819, 38, 34623, 34623, 0.2765553593635559, 10.10025405883789
79, -2.254439117619768, 4, 40.08384000800106, 328, 34951, 34951, 0.2949688136577606, 10.052363395690918
80, -8.298395228277514, 4, 40.115754186999766, 328, 35279, 35279, 0.2972985804080963, 10.059759140014648
81, -10.788876314414665, 2, 10.870260702999076, 86, 35365, 35365, 0.275961309671402, 10.045963287353516
82, -1.9952774078119546, 4, 40.07824177299881, 328, 35693, 35693, 0.2892923951148987, 10.020140647888184
83, -1.9412905451608822, 4, 40.14931538699966, 329, 36022, 36022, 0.27268531918525696, 10.06141185760498
84, -10.812775246973615, 2, 19.340221537000616, 156, 36178, 36178, 0.2902529239654541, 10.048091888427734
85, -1.3439813163131475, 4, 40.18051452100008, 329, 36507, 36507, 0.2883549630641937, 10.100519180297852
86, -4.7109202947467566, 4, 40.15276036399882, 329, 36836, 36836, 0.2860143482685089, 10.060943603515625
87, -10.836216342751868, 2, 12.928387660000226, 103, 36939, 36939, 0.2529691755771637, 10.009692192077637
88, -3.7118104938417673, 4, 40.10007268300069, 328, 37267, 37267, 0.27361008524894714, 10.051593780517578
89, -1.8157906049164012, 4, 40.16966647699883, 329, 37596, 37596, 0.2681964337825775, 10.052617073059082
90, -4.793591152643785, 2, 12.443501069999911, 99, 37695, 37695, 0.24667444825172424, 10.059026718139648
91, -7.091061998798978, 4, 40.174664328998915, 329, 38024, 38024, 0.2639542818069458, 10.02981185913086
92, -4.33053632688825, 4, 40.17718549299934, 329, 38353, 38353, 0.272983193397522, 10.05649185180664
93, -2.14231281389948, 4, 40.107586084001014, 328, 38681, 38681, 0.26013246178627014, 10.066031455993652
94, -2.5582641105283983, 4, 40.165781413999866, 329, 39010, 39010, 0.26159024238586426, 10.092509269714355
95, -1.7687410892540356, 4, 40.1558907510007, 329, 39339, 39339, 0.24653542041778564, 10.038552284240723
96, -5.271806541844853, 4, 40.18974827599959, 326, 39665, 39665, 0.26086950302124023, 10.048686027526855
97, -9.94459613552317, 2, 13.691098612000133, 109, 39774, 39774, 0.2418341338634491, 10.073169708251953
98, -6.528158465676825, 2, 15.371434623999448, 123, 39897, 39897, 0.2607603073120117, 10.095952987670898
99, -5.506673169787973, 4, 40.09228708900082, 328, 40225, 40225, 0.24303171038627625, 10.04349136352539
100, -2.6835923889884725, 4, 40.1208784800001, 328, 40553, 40553, 0.24831311404705048, 10.054447174072266
101, -9.33174159610644, 2, 38.32930347399997, 313, 40866, 40866, 0.23532772064208984, 10.048250198364258
102, -1.4547681038675364, 4, 40.14772637299939, 329, 41195, 41195, 0.2457464635372162, 10.066459655761719
103, -9.884646093007177, 4, 40.15215195500059, 329, 41524, 41524, 0.2558009922504425, 10.096902847290039
104, -8.923528848630667, 2, 32.68555885100068, 267, 41791, 41791, 0.2457655370235443, 10.065484046936035
105, -8.23071065172553, 2, 4.374536814000749, 32, 41823, 41823, 0.2427361011505127, 10.080546379089355
106, -1.6553244970200467, 4, 40.09865389099832, 328, 42151, 42151, 0.2384789139032364, 10.031208992004395
107, -2.7337877375412063, 4, 40.11701680199985, 329, 42480, 42480, 0.2450958490371704, 10.066370964050293
108, -4.381351118907332, 4, 40.109973573999014, 328, 42808, 42808, 0.2428818941116333, 10.087956428527832
109, -9.70679336192552, 2, 17.75081374399997, 143, 42951, 42951, 0.23653657734394073, 10.02889347076416
110, -1.8480067847995088, 4, 40.08313437200013, 328, 43279, 43279, 0.23444019258022308, 10.087400436401367
111, -9.634753379388712, 2, 27.672662629000115, 225, 43504, 43504, 0.23703892529010773, 10.093342781066895
112, -17.9672796940431, 2, 20.249975550999807, 164, 43668, 43668, 0.22511333227157593, 10.063945770263672
113, -3.595076931640506, 4, 40.18883139100035, 328, 43996, 43996, 0.24660329520702362, 10.045551300048828
114, -10.353677580016665, 2, 13.8109327509992, 110, 44106, 44106, 0.23789437115192413, 10.037653923034668
115, -1.3593595931306481, 4, 40.08469229399998, 328, 44434, 44434, 0.22979982197284698, 10.069826126098633
116, -1.2980956316459924, 4, 40.184571677998974, 329, 44763, 44763, 0.22994624078273773, 10.02577018737793
117, -1.2812203334469814, 4, 40.108045201001005, 328, 45091, 45091, 0.21910902857780457, 10.040155410766602
118, -1.2227031380170956, 4, 40.150284319001, 329, 45420, 45420, 0.22402790188789368, 10.003137588500977
119, -1.3940047807700466, 4, 40.09825056000045, 328, 45748, 45748, 0.22403040528297424, 9.983196258544922
120, -1.0987664591521025, 4, 40.116750506000244, 328, 46076, 46076, 0.22333775460720062, 9.977313995361328
121, -1.9733298481442034, 4, 40.062075238000034, 328, 46404, 46404, 0.21805554628372192, 9.966618537902832
122, -1.1661685259314254, 4, 40.108610838999084, 327, 46731, 46731, 0.209065243601799, 9.956332206726074
123, -2.3335067925509065, 4, 40.12214420300006, 326, 47057, 47057, 0.21834945678710938, 9.928157806396484
124, -1.8073549616383389, 4, 40.08360693400027, 326, 47383, 47383, 0.2044021338224411, 9.952522277832031
125, -10.266571833752096, 2, 31.16058783799963, 253, 47636, 47636, 0.21200571954250336, 9.923772811889648
126, -9.059715719078667, 2, 18.676728558000832, 150, 47786, 47786, 0.21163645386695862, 9.91256332397461
127, -2.2703871342819184, 4, 40.11680495499968, 327, 48113, 48113, 0.21001006662845612, 9.934784889221191
128, -1.5326145692379214, 4, 40.093539548999615, 327, 48440, 48440, 0.20523995161056519, 9.879672050476074
129, -2.565092847973574, 4, 40.132396207000056, 326, 48766, 48766, 0.1975487321615219, 9.90630054473877
130, -6.380529971909709, 2, 20.600828213999193, 166, 48932, 48932, 0.20881915092468262, 9.897679328918457
131, -6.375411393819377, 2, 11.330601355999534, 87, 49019, 49019, 0.1934220790863037, 9.929184913635254
132, -1.9707935537444428, 4, 40.14262216099996, 322, 49341, 49341, 0.19840623438358307, 9.893279075622559
133, -2.4342315526446328, 4, 40.172856572000455, 327, 49668, 49668, 0.20259623229503632, 9.85499095916748
134, -3.2773486650548875, 4, 40.11572385799991, 326, 49994, 49994, 0.20097514986991882, 9.842016220092773
135, -2.17661342327483, 4, 40.077462244000344, 327, 50321, 50321, 0.19452424347400665, 9.803597450256348
136, -1.3905247426591814, 4, 40.18499008300023, 326, 50647, 50647, 0.18531610071659088, 9.806087493896484
137, -2.820539301261306, 4, 40.16493131400057, 327, 50974, 50974, 0.19040493667125702, 9.8231782913208
138, -2.0271252947859466, 4, 40.126520153000456, 326, 51300, 51300, 0.18400928378105164, 9.794020652770996
139, -1.8083889218978584, 4, 40.13644804899923, 327, 51627, 51627, 0.1924256980419159, 9.781464576721191
140, -2.472303101909347, 4, 40.16380850099995, 327, 51954, 51954, 0.17903538048267365, 9.754598617553711
141, -1.2411645110696554, 4, 40.17565088900119, 328, 52282, 52282, 0.19092755019664764, 9.75272274017334
142, -2.344010415719822, 4, 40.13977147300102, 324, 52606, 52606, 0.18888144195079803, 9.671257019042969
143, -8.357966528856196, 2, 37.758716268999706, 308, 52914, 52914, 0.18462009727954865, 9.71692943572998
144, -8.709196166042602, 2, 34.94035812000038, 285, 53199, 53199, 0.18197636306285858, 9.674601554870605
145, -8.351523069053655, 2, 30.841599593000865, 250, 53449, 53449, 0.17365434765815735, 9.648466110229492
146, -10.688149090856314, 2, 5.0357448019985895, 37, 53486, 53486, 0.17767734825611115, 9.697381973266602
147, -7.887832956388593, 2, 34.13123283099958, 276, 53762, 53762, 0.18216383457183838, 9.629225730895996
148, -1.4803945804014802, 4, 40.146121063000464, 326, 54088, 54088, 0.1787256896495819, 9.604926109313965
149, -7.435433678110712, 2, 24.514059025999813, 196, 54284, 54284, 0.1669776737689972, 9.627573013305664
150, -9.01415334129706, 2, 7.4344515329994465, 57, 54341, 54341, 0.19126936793327332, 9.584916114807129
151, -6.153908858075738, 2, 32.98710099600066, 268, 54609, 54609, 0.17673131823539734, 9.577200889587402
152, -10.233084378764033, 2, 4.159063667999362, 30, 54639, 54639, 0.1810602992773056, 9.625388145446777
153, -1.2918088124133646, 4, 40.1647808839989, 325, 54964, 54964, 0.17363309860229492, 9.603368759155273
154, -2.429325837176293, 4, 40.14025946500078, 326, 55290, 55290, 0.17750029265880585, 9.591914176940918
155, -4.1460169031633995, 4, 40.16965711600096, 327, 55617, 55617, 0.16721881926059723, 9.550309181213379
156, -6.973580373451114, 2, 9.044478564999736, 70, 55687, 55687, 0.1655048429965973, 9.556663513183594
157, -3.0906424259301275, 4, 40.07721495700025, 326, 56013, 56013, 0.16156060993671417, 9.564998626708984
158, -1.7783006776007824, 4, 40.123565982999935, 326, 56339, 56339, 0.16972430050373077, 9.507277488708496
159, -0.9971711202524602, 4, 40.181996883000465, 325, 56664, 56664, 0.16405023634433746, 9.521201133728027
160, -1.1378676913445815, 4, 40.15983580599823, 326, 56990, 56990, 0.1659965217113495, 9.487359046936035
161, -2.520069237332791, 4, 40.09373989800224, 327, 57317, 57317, 0.1603509485721588, 9.484042167663574
162, -1.8627410779008642, 4, 40.12860419400022, 326, 57643, 57643, 0.1663782000541687, 9.462132453918457
163, -1.9496841763611883, 4, 40.14674660500168, 325, 57968, 57968, 0.15972813963890076, 9.401773452758789
164, -2.57070990675129, 4, 40.10164629100109, 328, 58296, 58296, 0.150056853890419, 9.395411491394043
165, -1.7489429824054241, 4, 40.12012535899703, 327, 58623, 58623, 0.16024400293827057, 9.344259262084961
166, -2.4508955511264503, 4, 40.08285333999811, 324, 58947, 58947, 0.1609956920146942, 9.34374713897705
167, -1.424997572088614, 4, 40.160904217998905, 323, 59270, 59270, 0.15554720163345337, 9.343069076538086
168, -6.685941311065108, 2, 25.22270564000064, 204, 59474, 59474, 0.15170049667358398, 9.335604667663574
169, -2.972785508171455, 4, 40.13249091000034, 327, 59801, 59801, 0.15413059294223785, 9.292420387268066
170, -1.7252862689783797, 4, 40.068106689999695, 326, 60127, 60127, 0.14767897129058838, 9.269462585449219
171, -1.0347792902612127, 4, 40.13852897600009, 326, 60453, 60453, 0.14174862205982208, 9.275521278381348
172, -1.0725630872520924, 4, 40.11273895699924, 326, 60779, 60779, 0.15165837109088898, 9.24106216430664
173, -0.9684158737654798, 4, 40.07839744800003, 326, 61105, 61105, 0.15051819384098053, 9.231471061706543
174, -1.653642380842939, 4, 40.1888806470015, 328, 61433, 61433, 0.14350761473178864, 9.209833145141602
175, -1.6590412014629692, 4, 40.16374799800178, 328, 61761, 61761, 0.1376674771308899, 9.16173267364502
176, -2.3349491393892094, 4, 40.12556256699827, 327, 62088, 62088, 0.13917216658592224, 9.137068748474121
177, -1.2223744521616027, 4, 40.08008362400142, 327, 62415, 62415, 0.13468259572982788, 9.119661331176758
178, -1.6961502900812775, 4, 40.17339257999993, 328, 62743, 62743, 0.13410437107086182, 9.117246627807617
179, -2.250925990352698, 4, 40.163658206001855, 328, 63071, 63071, 0.1373218148946762, 9.076116561889648
180, -4.556863485951908, 4, 40.15664777499842, 327, 63398, 63398, 0.13751044869422913, 9.017976760864258
181, -3.2917620720982086, 4, 40.171276023000246, 327, 63725, 63725, 0.1349632889032364, 9.03125
182, -2.199450497282669, 4, 40.18315027600329, 328, 64053, 64053, 0.12995007634162903, 8.999988555908203
183, -1.1668875643372303, 4, 40.117107340000075, 327, 64380, 64380, 0.12698152661323547, 8.996304512023926
184, -2.0851393821649253, 4, 40.08357881900156, 327, 64707, 64707, 0.12837696075439453, 8.956290245056152
185, -2.2910294510656968, 4, 40.13383725999665, 327, 65034, 65034, 0.12622852623462677, 8.929844856262207
186, -5.694990380172385, 2, 26.974995103002584, 218, 65252, 65252, 0.11928871273994446, 8.91745376586914
187, -1.8671189347514883, 4, 40.085498316002486, 327, 65579, 65579, 0.11640474200248718, 8.878691673278809
188, -16.04146673856303, 4, 40.17037373800122, 326, 65905, 65905, 0.11626947671175003, 8.855560302734375
189, -1.9907387220300734, 4, 40.15299250199678, 327, 66232, 66232, 0.12300732731819153, 8.832213401794434
190, -2.5539870765060186, 4, 40.16803524300121, 327, 66559, 66559, 0.11807776987552643, 8.830890655517578
191, -17.4768593257686, 2, 31.36959957399813, 255, 66814, 66814, 0.11510215699672699, 8.785162925720215
192, -1.66120962324203, 4, 40.185355423000146, 328, 67142, 67142, 0.11938808113336563, 8.791929244995117
193, -3.2651427992532263, 4, 40.13679463799781, 323, 67465, 67465, 0.12431018054485321, 8.764336585998535
194, -6.721737703774124, 4, 40.1449202310032, 324, 67789, 67789, 0.12743335962295532, 8.732938766479492
195, -1.9367201132699847, 4, 40.19319130099757, 327, 68116, 68116, 0.12312211096286774, 8.724575996398926
196, -1.934797921727295, 4, 40.07615797800099, 327, 68443, 68443, 0.11981764435768127, 8.689652442932129
197, -1.3578519958537072, 4, 40.09734405400013, 325, 68768, 68768, 0.11728056520223618, 8.674412727355957
198, -6.092493701260537, 2, 28.392182127001433, 229, 68997, 68997, 0.10927414894104004, 8.659494400024414
199, -7.16838696738705, 4, 40.12538066200068, 326, 69323, 69323, 0.11129520833492279, 8.649627685546875
200, -3.0445795573177747, 4, 40.097087518999615, 325, 69648, 69648, 0.11268729716539383, 8.622739791870117
201, -1.9351820927113295, 4, 40.09614188499836, 327, 69975, 69975, 0.11026985198259354, 8.598982810974121
202, -1.6006744410842657, 4, 40.07900561000133, 326, 70301, 70301, 0.11132125556468964, 8.571157455444336
203, -1.8211298017995432, 4, 40.10115817699989, 326, 70627, 70627, 0.10420642793178558, 8.55451488494873
204, -1.610274592996575, 4, 40.12220132400034, 327, 70954, 70954, 0.10814076662063599, 8.516654968261719
205, -2.4650278935441747, 4, 40.161478288999206, 327, 71281, 71281, 0.10025317221879959, 8.490534782409668
206, -1.6154528250917792, 4, 40.134361160999106, 327, 71608, 71608, 0.10347265005111694, 8.463849067687988
207, -1.077644290868193, 4, 40.15217857499738, 327, 71935, 71935, 0.10434706509113312, 8.44609260559082
208, -1.7955429595895112, 4, 40.18078985700049, 327, 72262, 72262, 0.09529333561658859, 8.417070388793945
209, -1.746560563100502, 4, 40.182485405999614, 327, 72589, 72589, 0.09719628840684891, 8.400452613830566
210, -1.0543305608443916, 4, 40.12412263599981, 326, 72915, 72915, 0.09603016078472137, 8.377921104431152
211, -6.763077603653073, 2, 6.00476387299932, 45, 72960, 72960, 0.10240574926137924, 8.432104110717773
212, -1.3612789173203055, 4, 40.14488863499719, 327, 73287, 73287, 0.10341421514749527, 8.341251373291016
213, -1.6600117613561451, 4, 40.096749739997904, 326, 73613, 73613, 0.09647831320762634, 8.30946159362793
214, -1.6038152154069394, 4, 40.16089876600017, 327, 73940, 73940, 0.09579852968454361, 8.304011344909668
215, -3.798171319926041, 4, 40.10691733800195, 326, 74266, 74266, 0.09721345454454422, 8.280427932739258
216, -3.782215473242104, 4, 40.11692250000124, 322, 74588, 74588, 0.09449928998947144, 8.275022506713867
217, -3.1479543928871863, 4, 40.17633703500178, 324, 74912, 74912, 0.09394704550504684, 8.27037525177002
218, -3.4349781082273694, 4, 40.114578017000895, 323, 75235, 75235, 0.0920802503824234, 8.219661712646484
219, -3.134143832139671, 4, 40.19439232500008, 323, 75558, 75558, 0.09463043510913849, 8.199580192565918
220, -11.714437087066472, 2, 8.103713739998057, 62, 75620, 75620, 0.08761859685182571, 8.187369346618652
221, -1.1655404912307858, 4, 40.1485776590016, 323, 75943, 75943, 0.10589054226875305, 8.18880558013916
222, -1.3161844146670774, 4, 40.20306322000033, 324, 76267, 76267, 0.08704216033220291, 8.174919128417969
223, -1.1414817709010094, 4, 40.09754899299878, 324, 76591, 76591, 0.09811300039291382, 8.139372825622559
224, -1.4851602145354263, 4, 40.14069553099762, 323, 76914, 76914, 0.09382395446300507, 8.113275527954102
225, -1.8728148159570992, 4, 40.19789601999946, 324, 77238, 77238, 0.09909647703170776, 8.096993446350098
226, -1.5665589152486064, 4, 40.18996014899676, 326, 77564, 77564, 0.08858859539031982, 8.059887886047363
227, -2.374497704440728, 4, 40.13945145699836, 327, 77891, 77891, 0.0856747031211853, 8.04499626159668
228, -4.208966972189955, 4, 40.21400623400041, 326, 78217, 78217, 0.08448927849531174, 8.041871070861816
229, -1.0625749945174903, 4, 40.20564509199903, 326, 78543, 78543, 0.09347811341285706, 8.004719734191895
230, -3.3474521733587608, 4, 40.10917036899991, 325, 78868, 78868, 0.08572400361299515, 7.970048904418945
231, -3.9452997500193305, 4, 40.110424716000125, 323, 79191, 79191, 0.08074881136417389, 7.955342769622803
232, -1.378700337430928, 4, 40.17527234799854, 324, 79515, 79515, 0.08443938940763474, 7.951966762542725
233, -3.4832441774196923, 4, 40.15677748099915, 323, 79838, 79838, 0.09049730002880096, 7.92436408996582
234, -1.033011921099387, 4, 40.11077537699748, 324, 80162, 80162, 0.082623191177845, 7.883251667022705
235, -2.3670775981154293, 4, 40.10183150800003, 325, 80487, 80487, 0.0789242759346962, 7.875793933868408
236, -1.591670773574151, 4, 40.17211748599948, 326, 80813, 80813, 0.07906243950128555, 7.837164878845215
237, -3.3417156086070463, 4, 40.13777091099837, 323, 81136, 81136, 0.0759245902299881, 7.838204383850098
238, -1.9513669014413608, 4, 40.13637823799945, 318, 81454, 81454, 0.07418972253799438, 7.804004192352295
239, -2.9858001988759497, 4, 40.19429659299931, 322, 81776, 81776, 0.07500498741865158, 7.764103889465332
240, -1.5189936463721097, 4, 40.11717422499714, 324, 82100, 82100, 0.0818382129073143, 7.759644508361816
241, -1.7481641029007733, 4, 40.077954596999916, 325, 82425, 82425, 0.07315327972173691, 7.735513687133789
242, -1.6654894122621045, 4, 40.077873959999124, 326, 82751, 82751, 0.07620088011026382, 7.7108917236328125
243, -1.6826141464443936, 4, 40.15408036900044, 325, 83076, 83076, 0.0774942934513092, 7.709677696228027
244, -1.4140712490770966, 4, 40.07711181900231, 325, 83401, 83401, 0.06856133788824081, 7.690062999725342
245, -1.8610772664251272, 4, 40.095254705000116, 325, 83726, 83726, 0.0721844807267189, 7.664588928222656
246, -1.7323420628672466, 4, 40.12413325200032, 326, 84052, 84052, 0.0729856863617897, 7.635849475860596
247, -2.033909101970494, 4, 40.14108388599925, 326, 84378, 84378, 0.0746040865778923, 7.59889030456543
248, -2.267415815440472, 4, 40.1353278380011, 326, 84704, 84704, 0.07399087399244308, 7.581727981567383
249, -1.9704158690292388, 4, 40.08218758199655, 326, 85030, 85030, 0.07258395105600357, 7.58177375793457
250, -2.773330186624662, 4, 40.127628417998494, 327, 85357, 85357, 0.07242881506681442, 7.555209159851074
251, -1.946752573363483, 4, 40.09731179199662, 326, 85683, 85683, 0.06928453594446182, 7.516685962677002
252, -9.062208201619796, 2, 30.72385871199731, 249, 85932, 85932, 0.07188727706670761, 7.508327484130859
253, -7.93117483977403, 2, 23.862194885001372, 192, 86124, 86124, 0.07171335071325302, 7.487887859344482
254, -2.536105918698013, 4, 40.067952934998175, 326, 86450, 86450, 0.07179191708564758, 7.48007345199585
255, -5.407277543481541, 4, 40.115671668001596, 326, 86776, 86776, 0.06853453814983368, 7.459577560424805
256, -3.8848838045378216, 4, 40.07205294600135, 326, 87102, 87102, 0.06849491596221924, 7.4532904624938965
257, -1.7019438981078565, 4, 40.15038638899932, 326, 87428, 87428, 0.07282223552465439, 7.4197893142700195
258, -1.5645798277109861, 4, 40.161772475999896, 326, 87754, 87754, 0.0675736665725708, 7.390085220336914
259, -5.067385326779913, 4, 40.10381310199955, 326, 88080, 88080, 0.06715478748083115, 7.3590216636657715
260, -1.130662587005645, 4, 40.10256662900065, 325, 88405, 88405, 0.06547623872756958, 7.354715824127197
261, -2.1162271491666615, 4, 40.14770011799919, 326, 88731, 88731, 0.06946859508752823, 7.349469184875488
262, -1.783325894983136, 4, 40.08039897600247, 326, 89057, 89057, 0.06643255800008774, 7.29664421081543
263, -1.6255171741358936, 4, 40.093798204998166, 326, 89383, 89383, 0.06015285104513168, 7.288483619689941
264, -1.275271586375311, 4, 40.13584550499945, 326, 89709, 89709, 0.06363586336374283, 7.272161483764648
265, -1.9647843681304948, 4, 40.153828230002546, 327, 90036, 90036, 0.06878898292779922, 7.2575459480285645
266, -1.479811446974054, 4, 40.12878556099895, 328, 90364, 90364, 0.059550441801548004, 7.235667705535889
267, -3.0647532725706697, 4, 40.11633173900191, 327, 90691, 90691, 0.060780953615903854, 7.2201762199401855
268, -1.221163071342744, 4, 40.109743249999156, 328, 91019, 91019, 0.06427998095750809, 7.186551570892334
269, -1.872791750181932, 4, 40.07407516499734, 327, 91346, 91346, 0.06660488247871399, 7.172747611999512
270, -1.9630566166015342, 4, 40.157320849000826, 328, 91674, 91674, 0.06125486642122269, 7.151519775390625
271, -1.9356324846085045, 4, 40.072226600997965, 327, 92001, 92001, 0.06398408114910126, 7.122757911682129
272, -0.7940461877733469, 4, 40.16785647600045, 329, 92330, 92330, 0.06052938848733902, 7.105926036834717
273, -1.9970496093155816, 4, 40.0634743940027, 328, 92658, 92658, 0.06131899729371071, 7.090883731842041
274, -7.997051530517638, 2, 4.2448858359966835, 31, 92689, 92689, 0.050495345145463943, 7.0947418212890625
275, -1.304199037316721, 4, 40.07421837400034, 327, 93016, 93016, 0.06173064932227135, 7.071876525878906
276, -8.16464177169837, 4, 40.108586276001006, 328, 93344, 93344, 0.06092606484889984, 7.057839870452881
277, -0.8022822164930403, 4, 40.067823777997546, 328, 93672, 93672, 0.06259040534496307, 7.031668186187744
278, -7.057502548908815, 2, 39.27289317800023, 321, 93993, 93993, 0.05882393941283226, 7.01151180267334
279, -5.28854309162125, 2, 5.11590634300228, 38, 94031, 94031, 0.05744626000523567, 6.971927165985107
280, -7.477676778915338, 2, 39.370132082000055, 321, 94352, 94352, 0.06405197829008102, 6.993134498596191
281, -2.1040567220188677, 4, 40.13381742400088, 328, 94680, 94680, 0.06007026880979538, 6.953933238983154
282, -1.6101365336216986, 4, 40.117351363001944, 328, 95008, 95008, 0.06139630079269409, 6.960636138916016
283, -1.3293360265670344, 4, 40.11780338799872, 328, 95336, 95336, 0.06380564719438553, 6.929951190948486
284, -11.672750878613442, 2, 37.275237211000785, 304, 95640, 95640, 0.05911589786410332, 6.90224027633667
285, -10.843638982856646, 2, 27.99548247400162, 227, 95867, 95867, 0.058994121849536896, 6.912469863891602
286, -12.247423622757196, 2, 5.352126156998565, 40, 95907, 95907, 0.047596413642168045, 6.870108604431152
287, -1.4928435173351318, 4, 40.15691306299777, 328, 96235, 96235, 0.05462384223937988, 6.884249210357666
288, -1.87115792138502, 4, 40.14080874999854, 327, 96562, 96562, 0.05955704674124718, 6.860445022583008
289, -6.718962612794712, 2, 32.188456998999754, 262, 96824, 96824, 0.05592653155326843, 6.846704006195068
290, -5.437336604110897, 2, 16.27829681900039, 130, 96954, 96954, 0.05557773634791374, 6.812994003295898
291, -8.581608433596557, 2, 37.08014253100191, 303, 97257, 97257, 0.05891774222254753, 6.827796459197998
292, -7.228818666888401, 2, 25.85256179800126, 210, 97467, 97467, 0.05887199938297272, 6.815363883972168
293, -0.9227530797943473, 4, 40.18409933300063, 328, 97795, 97795, 0.051702067255973816, 6.7966437339782715
294, -1.8010253061111143, 4, 40.05777659299929, 327, 98122, 98122, 0.05526238679885864, 6.799454689025879
295, -1.271592681761831, 4, 40.117027412001335, 327, 98449, 98449, 0.05719326063990593, 6.767525672912598
296, -2.27196114056278, 4, 40.17491432599854, 328, 98777, 98777, 0.056011002510786057, 6.746307373046875
297, -1.8658787052845582, 4, 40.13054320200172, 328, 99105, 99105, 0.05321593955159187, 6.72399377822876
298, -1.6689026049571112, 4, 40.14607491300194, 327, 99432, 99432, 0.0523575060069561, 6.724984169006348
299, -2.0715701014269143, 4, 40.125891547999345, 328, 99760, 99760, 0.05381867289543152, 6.683582782745361
300, -4.672634743066737, 4, 40.106344755000464, 327, 100087, 100087, 0.05740013346076012, 6.678350448608398
301, -6.698785690707155, 2, 25.015182876002655, 203, 100290, 100290, 0.06216670200228691, 6.686919212341309
302, -2.2782424509960038, 4, 40.141584903001785, 328, 100618, 100618, 0.05730895325541496, 6.6516828536987305
303, -2.7755774887045845, 4, 40.11908622899864, 327, 100945, 100945, 0.05180983617901802, 6.652613162994385
304, -1.561395037919283, 4, 40.12191962900033, 328, 101273, 101273, 0.05095718055963516, 6.62770938873291
305, -5.930428513791412, 2, 26.57728362999842, 215, 101488, 101488, 0.05000336840748787, 6.5920329093933105
306, -4.897341350355418, 2, 8.092729588999646, 63, 101551, 101551, 0.0579930804669857, 6.592201232910156
307, -2.0435165483504534, 4, 40.065031817001, 327, 101878, 101878, 0.05378963425755501, 6.584039688110352
308, -1.2971818054757023, 4, 40.07307250700251, 327, 102205, 102205, 0.053463540971279144, 6.580142498016357
309, -13.535197681980208, 4, 40.07737042200097, 327, 102532, 102532, 0.05370870977640152, 6.561907768249512
310, -2.0338829976972193, 4, 40.12663235199943, 327, 102859, 102859, 0.056302353739738464, 6.538684844970703
311, -3.7724750279448926, 4, 40.13809047399991, 328, 103187, 103187, 0.05282372981309891, 6.530271053314209
312, -5.725223005953012, 2, 30.378876732000208, 247, 103434, 103434, 0.053440023213624954, 6.512600898742676
313, -2.1079340206724737, 4, 40.10671845399702, 327, 103761, 103761, 0.051620326936244965, 6.495237350463867
314, -1.0798892385791987, 4, 40.15332520700031, 327, 104088, 104088, 0.05690121278166771, 6.468818664550781
315, -1.2925045397132635, 4, 40.07839688999957, 327, 104415, 104415, 0.048840317875146866, 6.445135593414307
316, -0.8788123943377286, 4, 40.132172285000706, 327, 104742, 104742, 0.05520820617675781, 6.439586162567139
317, -1.5826341868378222, 4, 40.076488389997394, 327, 105069, 105069, 0.05046806484460831, 6.430995464324951
318, -1.2967860884964466, 4, 40.123974903999624, 327, 105396, 105396, 0.049253255128860474, 6.4146342277526855
319, -1.9462362578487955, 4, 40.089184553999075, 326, 105722, 105722, 0.04843268170952797, 6.4156718254089355
320, -4.723737998167053, 4, 40.14582410100047, 327, 106049, 106049, 0.04968246445059776, 6.388688087463379
321, -3.302560329786502, 4, 40.05015212299986, 327, 106376, 106376, 0.05404255911707878, 6.363199234008789
322, -1.7740672221407294, 4, 40.159871127998485, 328, 106704, 106704, 0.04906157776713371, 6.346192836761475
323, -1.367982721189037, 4, 40.102278448001016, 327, 107031, 107031, 0.05162905156612396, 6.335787296295166
324, -1.452843444130849, 4, 40.06316382799923, 327, 107358, 107358, 0.049369148910045624, 6.324238300323486
325, -6.157209505327046, 2, 37.17570962299942, 303, 107661, 107661, 0.05149044096469879, 6.308586597442627
326, -1.8614508645841852, 4, 40.12718814099935, 327, 107988, 107988, 0.054377805441617966, 6.307281970977783
327, -2.280614763381891, 4, 40.172445313000935, 328, 108316, 108316, 0.053020402789115906, 6.299355983734131
328, -0.9665297050960362, 4, 40.096394928001246, 327, 108643, 108643, 0.048378150910139084, 6.261373519897461
329, -1.8367586270032916, 4, 40.16543668200029, 328, 108971, 108971, 0.050393588840961456, 6.252899169921875
330, -7.841121605131775, 2, 32.29043117400215, 262, 109233, 109233, 0.05266033485531807, 6.244319438934326
331, -2.055152880959213, 4, 40.086926433999906, 327, 109560, 109560, 0.050025179982185364, 6.2183732986450195
332, -3.017658843367826, 4, 40.061579924997204, 327, 109887, 109887, 0.050250034779310226, 6.22418737411499
333, -6.347749662119895, 2, 4.856142534998071, 36, 109923, 109923, 0.05183283984661102, 6.208314895629883
334, -11.320015926641645, 2, 32.0274185269991, 260, 110183, 110183, 0.051836851984262466, 6.205261707305908
335, -6.5217483807355165, 2, 6.569908664001559, 50, 110233, 110233, 0.05262504145503044, 6.2054443359375
336, -7.639861409552395, 2, 18.577239804999408, 149, 110382, 110382, 0.050845805555582047, 6.184478759765625
337, -7.047039127442986, 2, 4.615911536999192, 34, 110416, 110416, 0.057638440281152725, 6.182082176208496
338, -1.787318788236007, 4, 40.06619840300118, 327, 110743, 110743, 0.05059254541993141, 6.1841206550598145
339, -7.704092332627624, 2, 32.81546452800103, 267, 111010, 111010, 0.05078817158937454, 6.182355880737305
340, -7.749340328387916, 2, 9.025236158999178, 70, 111080, 111080, 0.05293464660644531, 6.213065147399902
341, -1.3785259030701127, 4, 40.08471056000053, 327, 111407, 111407, 0.049731023609638214, 6.159226894378662
342, -1.5741939733270556, 4, 40.07067082600042, 327, 111734, 111734, 0.05407019704580307, 6.155128002166748
343, -2.3568939868127927, 4, 40.117596692001825, 327, 112061, 112061, 0.04698164388537407, 6.12760066986084
344, -7.636825351626612, 2, 31.82644819000052, 258, 112319, 112319, 0.053482409566640854, 6.139477252960205
345, -6.005893655063119, 2, 9.96423495700219, 78, 112397, 112397, 0.0520494244992733, 6.106719017028809
346, -6.519955466734245, 2, 20.37774828500187, 164, 112561, 112561, 0.04125576093792915, 6.120673179626465
347, -18.65027293667663, 2, 12.499210706999293, 99, 112660, 112660, 0.04964642971754074, 6.111639022827148
348, -7.822500973648857, 2, 20.24823093300074, 163, 112823, 112823, 0.04830398038029671, 6.137327194213867
349, -5.192191692069173, 4, 40.158751864000806, 327, 113150, 113150, 0.051594994962215424, 6.096017837524414
350, -2.299754199280869, 4, 40.10959030600134, 327, 113477, 113477, 0.056345246732234955, 6.0807785987854
351, -1.6243816637434065, 4, 40.12387710400071, 326, 113803, 113803, 0.05435177683830261, 6.085036754608154
352, -2.3194172244984657, 4, 40.07079562299987, 327, 114130, 114130, 0.05202164500951767, 6.069849967956543
353, -3.577995352447033, 4, 40.04403977199763, 327, 114457, 114457, 0.04875600337982178, 6.061830997467041
354, -2.7383063551969826, 4, 40.10749944399868, 327, 114784, 114784, 0.04860084131360054, 6.048698425292969
355, -1.3242054391812417, 4, 40.09036481300063, 327, 115111, 115111, 0.04632201045751572, 6.037572860717773
356, -0.8832167562795803, 4, 40.094618519000505, 327, 115438, 115438, 0.046969667077064514, 6.017341613769531
357, -1.3431073128886055, 4, 40.08732170299845, 327, 115765, 115765, 0.0518265999853611, 5.995996475219727
358, -1.3744537183956709, 4, 40.174265431000094, 328, 116093, 116093, 0.0490204282104969, 6.003170013427734
359, -1.5983517379499972, 4, 40.06276236600024, 327, 116420, 116420, 0.04833930358290672, 5.982765197753906
360, -1.1766754887648858, 4, 40.07880081099938, 327, 116747, 116747, 0.05120600387454033, 5.959644317626953
361, -3.159964431775734, 4, 40.10704796600112, 327, 117074, 117074, 0.04859902337193489, 5.95020866394043
362, -1.4023329871706665, 4, 40.05741240499992, 327, 117401, 117401, 0.052507687360048294, 5.942383766174316
363, -2.355066892458126, 4, 40.137360097000055, 327, 117728, 117728, 0.04779632389545441, 5.928797721862793
364, -0.9934513985645026, 4, 40.131790171999455, 327, 118055, 118055, 0.046601537615060806, 5.928299427032471
365, -1.47211025969591, 4, 40.12828288699893, 328, 118383, 118383, 0.05005941167473793, 5.916259765625
366, -2.682394335861318, 4, 40.05491267199977, 326, 118709, 118709, 0.05378294363617897, 5.8943305015563965
367, -3.1114485364523716, 4, 40.09750722299941, 327, 119036, 119036, 0.053215254098176956, 5.883289813995361
368, -11.67983177723363, 2, 4.168098021000333, 30, 119066, 119066, 0.04979841783642769, 5.878856182098389
369, -16.0344926402322, 4, 40.121075160001055, 328, 119394, 119394, 0.04647621139883995, 5.894069194793701
370, -5.209414009004831, 2, 4.765829654999834, 35, 119429, 119429, 0.04322153329849243, 5.86885404586792
371, -10.581187645322643, 2, 39.259730470999784, 320, 119749, 119749, 0.053087253123521805, 5.860299110412598
372, -1.2510790168307722, 4, 40.1184406320026, 327, 120076, 120076, 0.05376969650387764, 5.860352516174316
373, -13.143634377978742, 2, 35.58194490100141, 290, 120366, 120366, 0.049183495342731476, 5.832212448120117
374, -1.6982405075104907, 4, 40.104273635002755, 327, 120693, 120693, 0.04653295874595642, 5.833218097686768
375, -1.5750264322850853, 4, 40.147516287001054, 327, 121020, 121020, 0.047902606427669525, 5.844813823699951
376, -1.162644040887244, 4, 40.095628941999166, 327, 121347, 121347, 0.04516783356666565, 5.812358379364014
377, -1.533773909555748, 4, 40.08387563599899, 326, 121673, 121673, 0.046718940138816833, 5.809877872467041
378, -1.4491814174398314, 4, 40.0848050329987, 326, 121999, 121999, 0.04861532896757126, 5.79368257522583
379, -6.431203795858892, 2, 33.05892504000076, 268, 122267, 122267, 0.04778798297047615, 5.790061950683594
380, -1.0664651837432757, 4, 40.10630245499851, 327, 122594, 122594, 0.0502779595553875, 5.800163269042969
381, -1.1861037483613472, 4, 40.0931596800001, 327, 122921, 122921, 0.04997706040740013, 5.769996166229248
382, -1.2686928333714604, 4, 40.1241380049978, 327, 123248, 123248, 0.051289282739162445, 5.7592291831970215
383, -8.28266005963087, 2, 32.099056736999046, 261, 123509, 123509, 0.0493919774889946, 5.733842849731445
384, -6.709385639405809, 2, 20.165539170000557, 162, 123671, 123671, 0.05438447371125221, 5.734756946563721
385, -0.6362256156280637, 4, 40.12602386299841, 327, 123998, 123998, 0.047964077442884445, 5.732434272766113
386, -1.2110151816159487, 4, 40.130851986999915, 326, 124324, 124324, 0.049657851457595825, 5.723102569580078
387, -1.5228582241106778, 4, 40.1501643110023, 327, 124651, 124651, 0.04932478070259094, 5.710033893585205
388, -6.322839106491301, 4, 40.127252182999655, 326, 124977, 124977, 0.04762328043580055, 5.742474555969238
389, -3.627711823442951, 4, 40.10067260699725, 327, 125304, 125304, 0.04616348445415497, 5.704623222351074
390, -1.4095657013676828, 4, 40.12268488300106, 327, 125631, 125631, 0.04735556244850159, 5.698989391326904
391, -4.921832295134664, 2, 4.172114818000409, 30, 125661, 125661, 0.06811847537755966, 5.699809551239014
392, -1.237452375004068, 4, 40.111859493998054, 327, 125988, 125988, 0.05131194740533829, 5.684449195861816
393, -1.4028175212442875, 4, 40.139936335999664, 327, 126315, 126315, 0.04279544949531555, 5.684917449951172
394, -1.3016672899248078, 4, 40.056135999002436, 326, 126641, 126641, 0.044802017509937286, 5.677628040313721
395, -1.462892371811904, 4, 40.11293007000131, 326, 126967, 126967, 0.0523347370326519, 5.667572498321533
396, -4.036602779193345, 4, 40.146394280000095, 327, 127294, 127294, 0.05175745487213135, 5.661989688873291
397, -1.5009784732246771, 4, 40.07864519699797, 326, 127620, 127620, 0.04834820330142975, 5.656278133392334
398, -1.537470042516361, 4, 40.09011349699722, 327, 127947, 127947, 0.0486074835062027, 5.61773681640625
399, -1.293836881261086, 4, 40.16310932600027, 327, 128274, 128274, 0.04836506396532059, 5.633584976196289
400, -2.075924932025373, 4, 40.15251528600129, 327, 128601, 128601, 0.05175447463989258, 5.63406229019165
401, -5.097470195731148, 2, 19.779906141000538, 159, 128760, 128760, 0.048619817942380905, 5.624258518218994
402, -7.204665182158351, 2, 5.475349857002584, 41, 128801, 128801, 0.0429818257689476, 5.595837593078613
403, -3.0168851534835994, 4, 40.05071351600054, 326, 129127, 129127, 0.049276288598775864, 5.609344482421875
404, -8.898859101929702, 2, 23.72335805900002, 192, 129319, 129319, 0.04812723398208618, 5.611812591552734
405, -1.304966729017906, 4, 40.123241836998204, 327, 129646, 129646, 0.04625500366091728, 5.587158203125
406, -1.4694201259408146, 4, 40.08529808499952, 326, 129972, 129972, 0.0488673634827137, 5.585805892944336
407, -1.631836064858362, 4, 40.066104678000556, 326, 130298, 130298, 0.04754216969013214, 5.575122356414795
408, -1.3581228968687356, 4, 40.158706410999, 327, 130625, 130625, 0.04922706261277199, 5.567224025726318
409, -1.5727849854156375, 4, 40.095438656000624, 327, 130952, 130952, 0.05173809081315994, 5.571201801300049
410, -1.7083000864367932, 4, 40.05237286500051, 325, 131277, 131277, 0.04405195266008377, 5.556427478790283
411, -1.7495378821331542, 4, 40.045903731999715, 326, 131603, 131603, 0.04698922857642174, 5.540783405303955
412, -1.172655824571848, 4, 40.16095310400124, 328, 131931, 131931, 0.045712653547525406, 5.527129173278809
413, -10.83316545659909, 2, 33.89466916099991, 275, 132206, 132206, 0.045844417065382004, 5.535669326782227
414, -8.782740716822445, 2, 38.313441769001656, 312, 132518, 132518, 0.04578904062509537, 5.517261028289795
415, -1.6162304347380996, 4, 40.13967336299902, 327, 132845, 132845, 0.04293688386678696, 5.5201263427734375
416, -6.304912697087275, 4, 40.10229617300138, 327, 133172, 133172, 0.046625539660453796, 5.5124359130859375
417, -7.789107537828386, 2, 4.399472330998833, 32, 133204, 133204, 0.04788960888981819, 5.503837585449219
418, -2.6390004775021225, 4, 40.066662850000284, 325, 133529, 133529, 0.04711852967739105, 5.484079837799072
419, -1.1857108755102672, 4, 40.059828681998624, 327, 133856, 133856, 0.04525940492749214, 5.493932723999023
420, -1.6248068420100026, 4, 40.0825644180004, 326, 134182, 134182, 0.04772737994790077, 5.482631206512451
421, -1.4548647124902345, 4, 40.12252232299943, 326, 134508, 134508, 0.04721406102180481, 5.4870524406433105
422, -2.825429112650454, 4, 40.07159530299759, 327, 134835, 134835, 0.046793460845947266, 5.483836650848389
423, -4.046928170835599, 4, 40.089614986001834, 326, 135161, 135161, 0.04840616136789322, 5.475752353668213
424, -2.7513583798136096, 4, 40.11096417599765, 324, 135485, 135485, 0.048194848001003265, 5.464510440826416
425, -3.5537257849937305, 4, 40.10708531199998, 326, 135811, 135811, 0.047540709376335144, 5.466395378112793
426, -1.4799923555110581, 4, 40.10897961699811, 327, 136138, 136138, 0.04487225040793419, 5.4432692527771
427, -1.5853619761765003, 4, 40.112184010999044, 327, 136465, 136465, 0.04753423109650612, 5.4508957862854
428, -1.4992664341116324, 4, 40.11603399500018, 327, 136792, 136792, 0.04815191403031349, 5.435855865478516
429, -1.7001163382083178, 4, 40.089148176997696, 326, 137118, 137118, 0.049232758581638336, 5.4217400550842285
430, -0.958429726306349, 4, 40.09542581399728, 327, 137445, 137445, 0.046157948672771454, 5.430410861968994
431, -1.2459099749994493, 4, 40.11224647700146, 326, 137771, 137771, 0.04758162423968315, 5.423873424530029
432, -1.7097996246884577, 4, 40.0711198689969, 326, 138097, 138097, 0.04489520564675331, 5.39642333984375
433, -2.489366769652406, 4, 40.06465948100231, 326, 138423, 138423, 0.045775432139635086, 5.408993244171143
434, -3.0996424838667735, 4, 40.16438218300027, 327, 138750, 138750, 0.047525886446237564, 5.39471435546875
435, -1.3122423221357167, 4, 40.05176654200113, 326, 139076, 139076, 0.048150744289159775, 5.363883018493652
436, -1.8214855220285244, 4, 40.06336683900008, 326, 139402, 139402, 0.04543643817305565, 5.378741264343262
437, -2.0402738614939153, 4, 40.09813713100084, 327, 139729, 139729, 0.04611864313483238, 5.380758285522461
438, -4.026747072814032, 4, 40.089046339999186, 325, 140054, 140054, 0.04918019473552704, 5.3550543785095215
439, -8.259491718839854, 2, 4.808529579000606, 35, 140089, 140089, 0.05445647984743118, 5.375525951385498
440, -1.653052061330527, 4, 40.122484086998156, 323, 140412, 140412, 0.04629836231470108, 5.362697601318359
441, -3.4264118631836027, 4, 40.128054348999285, 324, 140736, 140736, 0.04835280776023865, 5.342037677764893
442, -2.4360421219607815, 4, 40.09879472299872, 324, 141060, 141060, 0.0452745296061039, 5.343133449554443
443, -1.9706066010403447, 4, 40.08636967199709, 324, 141384, 141384, 0.05033239349722862, 5.317948341369629
444, -8.201584671391174, 2, 30.69385308799974, 248, 141632, 141632, 0.046999555081129074, 5.312825679779053
445, -1.2672027642838657, 4, 40.09980293300032, 324, 141956, 141956, 0.044634848833084106, 5.3202290534973145
446, -1.4792203186807455, 4, 40.162912633000815, 322, 142278, 142278, 0.045588184148073196, 5.321778297424316
447, -2.231473160441965, 4, 40.172143521998805, 323, 142601, 142601, 0.04607537016272545, 5.320039749145508
448, -1.9171441051294096, 4, 40.19207140900107, 323, 142924, 142924, 0.04517130181193352, 5.3092498779296875
449, -1.9899117720779032, 4, 40.091486410998186, 323, 143247, 143247, 0.04195193201303482, 5.291134357452393
450, -1.6658851895481348, 4, 40.152720922997105, 323, 143570, 143570, 0.04304301366209984, 5.303661823272705
451, -0.7453453385969624, 4, 40.1796144430009, 324, 143894, 143894, 0.047822874039411545, 5.285680770874023
452, -1.4151326306164265, 4, 40.19468433300062, 323, 144217, 144217, 0.04429178312420845, 5.269040107727051
453, -4.879589949036017, 4, 40.16107337200083, 324, 144541, 144541, 0.04163280129432678, 5.275269031524658
454, -1.7353531080298126, 4, 40.13758327799951, 324, 144865, 144865, 0.044300079345703125, 5.254928112030029
455, -9.044223226141185, 2, 7.026314886999899, 53, 144918, 144918, 0.042903121560811996, 5.280029773712158
456, -5.926624094019644, 2, 5.767261783999857, 43, 144961, 144961, 0.04926216974854469, 5.298397064208984
457, -0.9032592690491583, 4, 40.15907285100184, 324, 145285, 145285, 0.045214276760816574, 5.269975185394287
458, -6.107001325814053, 2, 21.97449313800098, 175, 145460, 145460, 0.04396657273173332, 5.264845371246338
