episode, reward, success, duration, steps, total_steps, memory length, avg_critic_loss, avg_actor_loss
1, -156.0651529878378, 2, 8.783480768001027, 66, 15048, 15048, 3.3258700370788574, 8.067051887512207
2, -28.98529968317598, 4, 49.809130024001206, 393, 15441, 15441, 3.2776598930358887, 7.596302032470703
3, -27.022082542302087, 4, 49.67291091399966, 391, 15832, 15832, 3.2295358180999756, 8.010136604309082
4, -31.10101295491586, 4, 49.62115890899986, 391, 16223, 16223, 3.107086658477783, 8.122756958007812
5, -28.87601897417335, 4, 49.55599291599901, 390, 16613, 16613, 3.0730340480804443, 8.177862167358398
6, -163.97629302367568, 2, 4.315186861000257, 30, 16643, 16643, 2.605180025100708, 7.8034138679504395
7, -28.69135003280826, 4, 49.75270257199918, 391, 17034, 17034, 2.9599852561950684, 8.182936668395996
8, -28.226821951539023, 4, 49.57155260400032, 389, 17423, 17423, 3.0246827602386475, 8.157096862792969
9, -25.473303127510007, 4, 49.63300801500009, 389, 17812, 17812, 2.8664183616638184, 8.113397598266602
10, -174.39433998405002, 2, 41.66023293699982, 327, 18139, 18139, 2.768759250640869, 8.243873596191406
11, -164.6634167234006, 2, 32.01119997099886, 250, 18389, 18389, 2.8360981941223145, 8.056319236755371
12, -27.11221244605258, 4, 50.0800549960004, 393, 18782, 18782, 2.683790922164917, 8.311604499816895
13, -24.098898715499672, 4, 49.58655457999885, 390, 19172, 19172, 2.770813226699829, 8.366781234741211
14, -155.19062439259142, 2, 9.803446807, 74, 19246, 19246, 3.053485870361328, 8.151233673095703
15, -181.95238654583227, 2, 49.37658018000002, 388, 19634, 19634, 2.881253480911255, 8.420905113220215
16, -152.36800054553896, 2, 9.059827957999005, 68, 19702, 19702, 3.011019706726074, 8.177129745483398
17, -164.06818719313014, 2, 36.744903867000176, 288, 19990, 19990, 2.8321826457977295, 8.520076751708984
18, -157.19490130260237, 2, 11.571965033001106, 88, 20078, 20078, 3.5186073780059814, 8.734798431396484
19, -157.6242274218239, 2, 23.71392873699915, 184, 20262, 20262, 2.8419487476348877, 8.453845977783203
20, -28.506499112223537, 4, 49.76452745400093, 391, 20653, 20653, 3.1653106212615967, 9.243873596191406
21, -164.1646319308129, 2, 36.7595525910001, 288, 20941, 20941, 3.3716320991516113, 9.582867622375488
22, -30.689266163997672, 4, 49.40916084499986, 388, 21329, 21329, 3.4133474826812744, 10.300981521606445
23, -29.21971525414847, 4, 49.5253376060009, 389, 21718, 21718, 3.635310411453247, 10.280285835266113
24, -16.48993612031336, 4, 49.66043776399965, 390, 22108, 22108, 3.676065683364868, 10.727689743041992
25, -154.99577584513463, 2, 15.900121797001702, 122, 22230, 22230, 3.498634099960327, 11.047990798950195
26, -160.36861541919643, 2, 22.211795664999954, 172, 22402, 22402, 3.6505563259124756, 11.023942947387695
27, -169.5530251259206, 2, 42.48174184799973, 333, 22735, 22735, 3.7439634799957275, 11.2016019821167
28, -55.63717747014016, 4, 49.70381492600063, 391, 23126, 23126, 3.793123960494995, 11.679080963134766
29, -158.9337933990464, 2, 16.576472944998386, 126, 23252, 23252, 3.7303483486175537, 11.44558334350586
30, -159.53146670537535, 2, 17.71605441199972, 137, 23389, 23389, 3.9236035346984863, 12.086374282836914
31, -53.99226559670933, 4, 50.34506612400037, 396, 23785, 23785, 3.8481838703155518, 12.237980842590332
32, -162.6028953740606, 2, 27.83485867499985, 217, 24002, 24002, 3.8564672470092773, 12.485710144042969
33, -154.0711778284458, 2, 4.300957833000211, 30, 24032, 24032, 4.001410484313965, 12.85816764831543
34, -151.0172946495004, 2, 4.420419972000673, 31, 24063, 24063, 3.847515344619751, 12.831073760986328
35, -150.6190972966142, 2, 4.559975866000968, 32, 24095, 24095, 4.007214546203613, 12.908315658569336
36, -152.28233632189222, 2, 15.02457685599984, 115, 24210, 24210, 4.052412986755371, 13.020115852355957
37, -153.34127398603596, 2, 4.293192218001423, 30, 24240, 24240, 4.118517875671387, 12.352235794067383
38, -163.5780175626278, 2, 4.31060531500043, 30, 24270, 24270, 3.9708821773529053, 12.406831741333008
39, -148.3518487282563, 2, 5.563877500000672, 40, 24310, 24310, 4.3695878982543945, 13.247869491577148
40, -151.37012284773664, 2, 30.88260279899987, 241, 24551, 24551, 4.326591968536377, 13.137434959411621
41, -154.70092911937172, 2, 4.327573434999067, 30, 24581, 24581, 4.8868021965026855, 13.394655227661133
42, -163.9609939903021, 2, 4.30957354200109, 30, 24611, 24611, 3.554621458053589, 13.499918937683105
43, -152.20219225948676, 2, 4.302243473000999, 30, 24641, 24641, 3.827349901199341, 12.56942081451416
44, -202.32652173721, 2, 45.86089030099902, 360, 25001, 25001, 4.280567646026611, 13.550838470458984
45, -17.821515293733682, 4, 49.469709946000876, 387, 25388, 25388, 4.2494988441467285, 13.513561248779297
46, -163.02809035433165, 2, 28.4149952989992, 221, 25609, 25609, 4.254973888397217, 13.466233253479004
47, -32.36978226165229, 4, 49.71954556899982, 391, 26000, 26000, 4.378220558166504, 13.430572509765625
48, -163.49030724482145, 2, 13.974686235000263, 106, 26106, 26106, 4.453344821929932, 14.10993766784668
49, -153.75405564741232, 2, 5.43203868800083, 39, 26145, 26145, 4.271042823791504, 13.779894828796387
50, -166.99713105079718, 2, 27.946145685999, 218, 26363, 26363, 4.427906513214111, 14.016031265258789
51, -162.82001844374463, 2, 28.37556201299958, 221, 26584, 26584, 4.3439435958862305, 14.269190788269043
52, -169.34771774907585, 2, 40.947716194999884, 320, 26904, 26904, 4.415201187133789, 14.330625534057617
53, -158.4703100278275, 2, 14.369534919000216, 110, 27014, 27014, 4.550623416900635, 14.980501174926758
54, -155.20759285148233, 2, 6.355174860998886, 46, 27060, 27060, 4.337597846984863, 15.14355754852295
55, -161.72040275181644, 2, 14.165875672999391, 108, 27168, 27168, 4.451467037200928, 15.437519073486328
56, -40.890730720129795, 4, 49.34551576299964, 388, 27556, 27556, 4.5646843910217285, 15.191756248474121
57, -156.2554427367868, 2, 27.135219028001302, 211, 27767, 27767, 4.44999885559082, 15.381991386413574
58, -36.83628813980613, 4, 50.06167168600041, 393, 28160, 28160, 4.632429599761963, 15.355194091796875
59, -150.72646226803772, 2, 16.242554143000234, 125, 28285, 28285, 4.4597907066345215, 15.644579887390137
60, -151.328180286102, 2, 14.41835268900104, 110, 28395, 28395, 4.517884254455566, 15.124712944030762
61, -163.59269871097058, 2, 4.30350200599969, 30, 28425, 28425, 4.494516372680664, 15.327608108520508
62, -166.52223137300462, 2, 4.290121046000422, 30, 28455, 28455, 4.397215843200684, 15.857400894165039
63, -151.5610383216699, 2, 20.942924117000075, 162, 28617, 28617, 4.574118614196777, 15.455779075622559
64, -149.64620331971673, 2, 11.599949855999512, 88, 28705, 28705, 4.644613265991211, 16.242204666137695
65, -167.33348974317778, 2, 19.000894139000593, 146, 28851, 28851, 4.506936073303223, 15.4673490524292
66, -163.62718711026537, 2, 34.38248871600081, 269, 29120, 29120, 4.578577518463135, 15.566978454589844
67, -162.23014552425593, 2, 27.90048690399999, 217, 29337, 29337, 4.3223700523376465, 16.19057273864746
68, -165.84954082407057, 2, 4.311239672999363, 30, 29367, 29367, 5.055988788604736, 15.535852432250977
69, -154.55701073340606, 2, 8.086978516999807, 60, 29427, 29427, 4.764888286590576, 15.896990776062012
70, -154.67131198506104, 2, 29.37002608700095, 228, 29655, 29655, 4.742492198944092, 15.789434432983398
71, -151.31580913532525, 2, 11.301040594998994, 85, 29740, 29740, 4.719823360443115, 15.653728485107422
72, -0.8550752567971358, 4, 49.37154594800086, 387, 30127, 30127, 4.62322998046875, 16.22346305847168
73, -177.13727805844974, 2, 42.84434564299954, 335, 30462, 30462, 4.471434593200684, 16.303436279296875
74, -37.9361338832241, 4, 49.399246565000794, 387, 30849, 30849, 4.488090515136719, 16.42822265625
75, -155.19382639287505, 2, 6.151226883999698, 44, 30893, 30893, 4.722311019897461, 16.922271728515625
76, -166.8476035669446, 2, 4.302337910999995, 30, 30923, 30923, 4.699472427368164, 16.407732009887695
77, -152.61729114083573, 2, 7.343276724999669, 54, 30977, 30977, 5.081162452697754, 17.57478904724121
78, -24.469404228613712, 4, 49.365031272000124, 385, 31362, 31362, 4.660067558288574, 16.86240577697754
79, -156.77336838688643, 2, 34.123778238999876, 266, 31628, 31628, 4.530543327331543, 16.83469581604004
80, -158.46174448155216, 2, 27.82790530300008, 216, 31844, 31844, 4.533434867858887, 17.08962631225586
81, -151.20316387459752, 2, 6.947982178999155, 51, 31895, 31895, 4.10331392288208, 17.50792694091797
82, -150.44126545451581, 2, 5.845525474998794, 42, 31937, 31937, 4.615943908691406, 16.67923927307129
83, -161.7489534158667, 2, 47.77615758400134, 375, 32312, 32312, 4.438843727111816, 17.040111541748047
84, -168.50093620736152, 2, 14.907978401000946, 114, 32426, 32426, 4.312389373779297, 17.415252685546875
85, -165.1574436351657, 2, 4.3260470969999005, 30, 32456, 32456, 4.4095048904418945, 17.57657241821289
86, -167.02203472703695, 2, 4.313899455000865, 30, 32486, 32486, 4.397615909576416, 18.1669921875
87, -166.65552013367414, 2, 4.323904519998905, 30, 32516, 32516, 3.973339557647705, 17.293901443481445
88, -155.65964257650194, 2, 41.814912759000435, 327, 32843, 32843, 4.496121883392334, 17.444318771362305
89, -150.95221792417578, 2, 4.938744768000106, 35, 32878, 32878, 4.1360578536987305, 17.9555606842041
90, -148.2503260068479, 2, 18.333014950998404, 141, 33019, 33019, 4.503941059112549, 17.728830337524414
91, -151.64664576388896, 2, 6.574447224000323, 48, 33067, 33067, 4.4005818367004395, 18.42919158935547
92, -151.80926413228735, 2, 5.708059366999805, 41, 33108, 33108, 4.488290786743164, 18.430767059326172
93, -155.36840594097157, 2, 17.30943341499915, 133, 33241, 33241, 4.729000568389893, 18.199033737182617
94, -32.60487649857532, 4, 49.65825773799952, 390, 33631, 33631, 4.51462984085083, 17.809310913085938
95, -150.40536044631153, 2, 6.825542881000729, 50, 33681, 33681, 4.115911483764648, 17.905651092529297
96, -164.19222350488417, 2, 4.299761891999879, 30, 33711, 33711, 5.106192111968994, 17.269344329833984
97, -151.00191497569904, 2, 8.777021080999475, 65, 33776, 33776, 4.307857036590576, 17.448726654052734
98, -159.2235968403984, 2, 24.184603563000564, 188, 33964, 33964, 4.527768135070801, 17.666627883911133
99, -153.31130816109362, 2, 12.528059438000128, 95, 34059, 34059, 4.736530303955078, 18.143033981323242
100, -153.7324715508148, 2, 7.232233818000168, 53, 34112, 34112, 5.098150730133057, 17.663488388061523
101, -151.34320761085837, 2, 6.608461737001562, 48, 34160, 34160, 4.798571586608887, 17.41618537902832
102, -149.77051926054992, 2, 7.490877128999273, 55, 34215, 34215, 4.476936340332031, 18.913074493408203
103, -152.19844932446722, 2, 21.36473422800009, 165, 34380, 34380, 4.906224250793457, 18.673309326171875
104, -164.34517465531826, 2, 4.318931962001443, 30, 34410, 34410, 4.567418098449707, 17.60801887512207
105, -166.13981365039945, 2, 4.327925178999067, 30, 34440, 34440, 4.681718349456787, 18.73523712158203
106, -29.283474679628853, 4, 49.52801667800122, 388, 34828, 34828, 4.959515571594238, 18.94972038269043
107, -164.82371149910614, 2, 33.383126256998366, 260, 35088, 35088, 4.753676891326904, 19.064096450805664
108, -151.50335438648472, 2, 9.338691024000582, 70, 35158, 35158, 4.829410552978516, 19.345043182373047
109, -32.06800778442994, 4, 49.85122591199979, 391, 35549, 35549, 5.012938976287842, 19.500120162963867
110, -149.39043709708494, 2, 5.832767429999876, 42, 35591, 35591, 5.189884662628174, 19.909711837768555
111, -153.14460107008927, 2, 6.601670125000965, 48, 35639, 35639, 4.7244181632995605, 19.445280075073242
112, -147.5625863725436, 2, 15.697274459000255, 120, 35759, 35759, 4.555422782897949, 19.76084327697754
113, -153.34459237381816, 2, 14.624709551000706, 111, 35870, 35870, 4.821332931518555, 20.011720657348633
114, -82.35197393095586, 4, 49.96229325599961, 391, 36261, 36261, 4.688780784606934, 19.898927688598633
115, -153.6213266995037, 2, 11.603594322999925, 88, 36349, 36349, 4.597445964813232, 19.69989585876465
116, -165.26149935275316, 2, 4.325310012000045, 30, 36379, 36379, 4.366466045379639, 19.036075592041016
117, -166.65999625623226, 2, 4.319696357999419, 30, 36409, 36409, 4.660262107849121, 19.92718505859375
118, -165.91214987635612, 2, 4.322293700000955, 30, 36439, 36439, 4.92064905166626, 20.172870635986328
119, -149.28778788103955, 2, 15.045236109002872, 115, 36554, 36554, 4.900531768798828, 20.42598533630371
120, -165.81678095273674, 2, 4.328858495999157, 30, 36584, 36584, 4.461576461791992, 19.70323371887207
121, -167.15984838455915, 2, 4.322917638000945, 30, 36614, 36614, 4.682027816772461, 20.159915924072266
122, -156.69512047129683, 2, 13.904040356999758, 106, 36720, 36720, 4.778228759765625, 20.51590919494629
123, -145.69024225167232, 2, 16.069216795000102, 123, 36843, 36843, 4.877441883087158, 20.98023223876953
124, -22.84273913074867, 4, 50.26345904399932, 393, 37236, 37236, 4.965489387512207, 20.571327209472656
125, -164.49174540117383, 2, 4.347450478999235, 30, 37266, 37266, 4.865610599517822, 21.093868255615234
126, -165.2179095968604, 2, 4.371493771002861, 30, 37296, 37296, 4.808533668518066, 20.51507568359375
127, -149.162217262201, 2, 16.499483982999664, 126, 37422, 37422, 5.023635387420654, 20.634342193603516
128, -163.1457081064582, 2, 4.360453089000657, 30, 37452, 37452, 4.7642974853515625, 20.88279914855957
129, -152.8581972187967, 2, 16.57902035100051, 127, 37579, 37579, 4.910193920135498, 20.907638549804688
130, -149.18905491987243, 2, 10.171073790002993, 76, 37655, 37655, 5.016254901885986, 21.10712242126465
131, -165.2909633447416, 2, 14.905414364002354, 114, 37769, 37769, 4.7605299949646, 21.637454986572266
132, -223.09652646491304, 2, 48.132199753999885, 377, 38146, 38146, 4.817280292510986, 20.94322395324707
133, -45.699424471415114, 4, 49.478267436999886, 387, 38533, 38533, 4.891891002655029, 21.374046325683594
134, -91.9200164572394, 4, 49.64366078599778, 386, 38919, 38919, 4.8759918212890625, 22.181848526000977
135, -180.99927276419476, 2, 45.363083767002536, 354, 39273, 39273, 4.969374656677246, 22.361860275268555
136, -156.5642061073304, 2, 9.244906135998463, 69, 39342, 39342, 5.132531642913818, 23.94109344482422
137, -150.87421612988692, 2, 4.8104839170009654, 34, 39376, 39376, 4.465581893920898, 21.804168701171875
138, -96.8964870122145, 4, 49.75510712599862, 389, 39765, 39765, 4.96816873550415, 23.500085830688477
139, -97.89924055547453, 4, 49.61158924399933, 389, 40154, 40154, 4.8486104011535645, 23.86267852783203
140, -153.59022963326424, 2, 6.58509026899992, 48, 40202, 40202, 5.14129114151001, 23.583778381347656
141, -147.56057150720153, 2, 16.928654742998333, 130, 40332, 40332, 4.915976524353027, 24.182382583618164
142, -151.65886464621872, 2, 7.48085988800085, 55, 40387, 40387, 5.107170104980469, 24.306476593017578
143, -74.32418214865902, 4, 50.15305895799975, 394, 40781, 40781, 5.053275108337402, 24.477903366088867
144, -153.52266522950958, 2, 5.586059985998872, 40, 40821, 40821, 4.7066473960876465, 24.474334716796875
145, -28.519388994513065, 4, 49.62208469700272, 387, 41208, 41208, 4.933804035186768, 25.043275833129883
146, -154.63369711488485, 2, 6.198747116999584, 45, 41253, 41253, 5.093244552612305, 25.307918548583984
147, -154.53194621077273, 2, 8.345572178997827, 62, 41315, 41315, 5.155538558959961, 25.326744079589844
148, -165.40210610628128, 2, 4.315384124998673, 30, 41345, 41345, 4.654984474182129, 25.440425872802734
149, -166.98485315404832, 2, 4.349362884000584, 30, 41375, 41375, 5.282821178436279, 25.199932098388672
150, -146.70341186854057, 2, 12.104690151998511, 91, 41466, 41466, 5.218484878540039, 25.043476104736328
151, -70.35704226745293, 4, 49.85699385699991, 392, 41858, 41858, 5.016562461853027, 25.266685485839844
152, -153.98891797288525, 2, 27.030041319998418, 210, 42068, 42068, 5.121058940887451, 25.443340301513672
153, -77.84848647378385, 4, 50.04609211099887, 392, 42460, 42460, 5.100667953491211, 25.883840560913086
154, -152.74220556067303, 2, 7.241127010998753, 53, 42513, 42513, 4.896450519561768, 25.65277671813965
155, -40.68038864247501, 4, 49.923658094998245, 390, 42903, 42903, 4.970945835113525, 25.764461517333984
156, -152.61462748450867, 2, 6.895388938002725, 50, 42953, 42953, 5.036003589630127, 25.618879318237305
157, -153.4118219136726, 2, 6.234186474997841, 45, 42998, 42998, 5.296642780303955, 26.26964569091797
158, -147.72683452581987, 2, 9.219371641996986, 69, 43067, 43067, 4.692067623138428, 25.491962432861328
159, -148.017544488539, 2, 14.057845912997436, 107, 43174, 43174, 4.658350944519043, 26.270355224609375
160, -154.4200097634748, 2, 7.469849766999687, 55, 43229, 43229, 5.131136417388916, 25.429243087768555
161, -95.40449410525616, 4, 49.370898524997756, 387, 43616, 43616, 4.623629570007324, 26.18233871459961
162, -101.75425657420419, 4, 49.678685712002334, 388, 44004, 44004, 4.9749603271484375, 26.121700286865234
163, -161.53502652311, 2, 21.38443141099924, 164, 44168, 44168, 4.913979530334473, 26.680641174316406
164, -164.63599927723408, 2, 4.322235173000081, 30, 44198, 44198, 5.115056037902832, 27.35692024230957
165, -190.80907353298971, 2, 20.628725705999386, 158, 44356, 44356, 4.532844066619873, 26.448909759521484
166, -23.10299736254092, 4, 49.83369045600193, 388, 44744, 44744, 4.824623107910156, 26.717647552490234
167, -151.22903602616861, 2, 10.392316068002401, 78, 44822, 44822, 5.006384372711182, 27.636445999145508
168, -32.74980438395869, 4, 49.77653496899802, 389, 45211, 45211, 4.868757724761963, 27.051734924316406
169, -152.25344031630084, 2, 4.322629054000572, 30, 45241, 45241, 5.026261329650879, 27.385555267333984
170, -150.67928002990084, 2, 5.3744761050002126, 38, 45279, 45279, 4.433398246765137, 26.56625747680664
171, -198.9495651438483, 2, 41.585329492998426, 325, 45604, 45604, 4.89865255355835, 27.457653045654297
172, -155.98892157169757, 2, 11.408790178000345, 86, 45690, 45690, 4.799504280090332, 27.40666389465332
173, -150.69044763789861, 2, 12.542524142998445, 95, 45785, 45785, 4.715597152709961, 28.011451721191406
174, -161.01313673122786, 2, 23.01142075399912, 178, 45963, 45963, 4.839662551879883, 27.559528350830078
175, -161.1927248322172, 2, 22.242467209001916, 172, 46135, 46135, 4.923243999481201, 27.265382766723633
176, -147.34518893621862, 2, 9.259016804000566, 69, 46204, 46204, 5.161950588226318, 27.126985549926758
177, -161.39211205928586, 2, 27.475908789998357, 213, 46417, 46417, 4.876988887786865, 27.572158813476562
178, -151.8795285350643, 2, 6.468990357003349, 47, 46464, 46464, 5.232414722442627, 27.24988555908203
179, -151.60349886474432, 2, 6.219951035996928, 45, 46509, 46509, 5.008657455444336, 27.909603118896484
180, -94.83128205803223, 4, 49.6429197489997, 388, 46897, 46897, 4.9993510246276855, 27.659343719482422
181, -150.61774217324273, 2, 5.2291828819979855, 37, 46934, 46934, 4.583531379699707, 27.835281372070312
182, -150.92039754451253, 2, 4.581125208998856, 32, 46966, 46966, 5.170095443725586, 26.841049194335938
183, -151.4509951749351, 2, 9.825136184001167, 73, 47039, 47039, 4.748244285583496, 28.156517028808594
184, -97.31512730009854, 4, 49.53577044700069, 387, 47426, 47426, 4.817250728607178, 27.997093200683594
185, -152.57329432247207, 2, 5.719116812997527, 41, 47467, 47467, 4.664276123046875, 28.413164138793945
186, -203.57163847400807, 2, 27.57553965799889, 214, 47681, 47681, 4.7551422119140625, 28.050121307373047
187, -174.48422270826995, 2, 20.77656495499832, 160, 47841, 47841, 4.800416469573975, 28.232131958007812
188, -164.1573547720909, 2, 4.304915448999964, 30, 47871, 47871, 5.390168190002441, 28.904544830322266
189, -90.64879248477519, 4, 49.45465646199955, 387, 48258, 48258, 4.900457382202148, 28.676259994506836
190, -70.42137004155666, 4, 49.58995545400103, 389, 48647, 48647, 4.920570373535156, 28.59109878540039
191, -173.6618602538947, 2, 41.4101102229979, 323, 48970, 48970, 4.628515720367432, 28.628456115722656
192, -151.6229855324491, 2, 12.827099964000809, 97, 49067, 49067, 4.3448991775512695, 27.835866928100586
193, -151.53279148438014, 2, 5.080381798001326, 36, 49103, 49103, 5.316054344177246, 29.798627853393555
194, -151.75401676134788, 2, 9.098124090000056, 68, 49171, 49171, 4.582858562469482, 28.853302001953125
195, -154.2700108832796, 2, 10.890552413999103, 82, 49253, 49253, 4.599662780761719, 28.813148498535156
196, -152.7714822156122, 2, 6.754621261003194, 49, 49302, 49302, 4.705509662628174, 28.646970748901367
197, -147.5858190972358, 2, 11.515997529000742, 87, 49389, 49389, 4.620686054229736, 29.235301971435547
198, -150.48374649160542, 2, 8.62318895700082, 64, 49453, 49453, 5.115666389465332, 28.685245513916016
199, -149.62265681568533, 2, 4.69306902000244, 33, 49486, 49486, 4.626688003540039, 28.427217483520508
200, -150.9944503440056, 2, 6.758516506997694, 49, 49535, 49535, 4.633930206298828, 28.717628479003906
201, -153.91097340057604, 2, 6.650573293998605, 48, 49583, 49583, 4.812525272369385, 29.0329532623291
202, -165.03423573821783, 2, 4.335553984001308, 30, 49613, 49613, 4.548195838928223, 27.580120086669922
203, -165.9409891399555, 2, 4.36739168600252, 30, 49643, 49643, 5.175695896148682, 28.71428108215332
204, -167.03313203528523, 2, 4.342496623998159, 30, 49673, 49673, 4.106950759887695, 26.98478126525879
205, -166.75043948367238, 2, 4.320865413999854, 30, 49703, 49703, 4.545717716217041, 29.85068130493164
206, -166.89974487572908, 2, 4.3168084349999845, 30, 49733, 49733, 4.56038761138916, 29.153564453125
207, -154.96816159668379, 2, 9.612314060002973, 72, 49805, 49805, 5.343797206878662, 28.825469970703125
208, -150.76745293522254, 2, 7.132630239000719, 52, 49857, 49857, 4.655630111694336, 29.170021057128906
209, -170.5554535512092, 2, 44.3819817040021, 346, 50203, 50203, 4.796206474304199, 28.691129684448242
210, -164.75850250571966, 2, 4.3114451820001705, 30, 50233, 50233, 4.87688684463501, 28.934215545654297
211, -153.43740340974182, 2, 9.150083306001761, 68, 50301, 50301, 5.086043834686279, 29.06281280517578
212, -165.14150827378035, 2, 4.3371360629971605, 30, 50331, 50331, 4.963134288787842, 29.024959564208984
213, -65.84870896337088, 4, 49.635958217000734, 388, 50719, 50719, 4.776832103729248, 29.62334442138672
214, -78.66275325720198, 4, 49.519374799001525, 387, 51106, 51106, 4.698019027709961, 29.25698471069336
215, -152.86131166899577, 2, 6.35814096300237, 46, 51152, 51152, 4.984344482421875, 28.980789184570312
216, -157.26332226977684, 2, 20.34363104899967, 156, 51308, 51308, 4.615435600280762, 29.95146942138672
217, -156.6267142239958, 2, 8.380218886002694, 62, 51370, 51370, 4.9134745597839355, 28.58285140991211
218, -26.10815052045109, 4, 50.11924424300014, 391, 51761, 51761, 4.830909729003906, 29.817350387573242
219, -152.84563251811778, 2, 15.128612049000367, 115, 51876, 51876, 4.7541632652282715, 29.498350143432617
220, -156.90504399547353, 2, 12.951404591000028, 98, 51974, 51974, 4.803969860076904, 29.60360336303711
221, -174.39161523152143, 2, 32.79901396900095, 255, 52229, 52229, 4.679368495941162, 29.714479446411133
222, -170.6099021420814, 2, 44.478913242997805, 346, 52575, 52575, 4.824707984924316, 30.17603874206543
223, -170.14391464009532, 2, 36.707770985001844, 284, 52859, 52859, 4.789781093597412, 29.756561279296875
224, -145.53545415215194, 2, 14.383358413000678, 109, 52968, 52968, 4.634332656860352, 29.984148025512695
225, -174.05650250254257, 2, 34.76943416400172, 267, 53235, 53235, 4.66030740737915, 30.216318130493164
226, -73.11949252942577, 4, 49.29550405400005, 383, 53618, 53618, 4.554129600524902, 30.466398239135742
227, -26.115505716690677, 4, 49.66050895900116, 388, 54006, 54006, 4.563982009887695, 30.608972549438477
228, -152.5944276752416, 2, 8.83914329199979, 66, 54072, 54072, 4.481352806091309, 30.558847427368164
229, -177.29648051597178, 2, 19.86310143600349, 152, 54224, 54224, 4.55787467956543, 31.048437118530273
230, -146.85897012613714, 2, 11.228136729998369, 84, 54308, 54308, 4.859020233154297, 30.6796932220459
231, -153.4057974864263, 2, 29.097257001001708, 226, 54534, 54534, 4.490706443786621, 30.32242202758789
232, -212.32144389783207, 2, 40.75300982800036, 316, 54850, 54850, 4.605071067810059, 30.27608871459961
233, -150.74766598222777, 2, 5.341195296001388, 38, 54888, 54888, 5.031411647796631, 30.837228775024414
234, -149.02363390731625, 2, 8.022360097002093, 59, 54947, 54947, 4.388357162475586, 30.9746036529541
235, -203.46030696923845, 2, 36.499231697998766, 280, 55227, 55227, 4.5781989097595215, 30.16010093688965
236, -151.0074263997376, 2, 5.116940030002297, 36, 55263, 55263, 4.350724697113037, 31.658103942871094
237, -149.20497817569412, 2, 11.228842724001879, 84, 55347, 55347, 4.650943756103516, 30.70476722717285
238, -157.360006594914, 2, 27.536795906002226, 212, 55559, 55559, 4.426372528076172, 30.976299285888672
239, -191.34210377465934, 2, 40.93742234199817, 318, 55877, 55877, 4.481444835662842, 30.067609786987305
240, -151.7953412097413, 2, 4.84823657400193, 34, 55911, 55911, 4.649561882019043, 31.306285858154297
241, -179.83420274789228, 2, 47.82956700000068, 373, 56284, 56284, 4.324706554412842, 31.01955223083496
242, -186.16321980860084, 2, 44.138763545000984, 344, 56628, 56628, 4.368218421936035, 30.5376033782959
243, -161.5782439323375, 2, 21.10015532699981, 162, 56790, 56790, 4.573023796081543, 30.9333438873291
244, -88.60747637646273, 4, 50.07825462799883, 390, 57180, 57180, 4.630802631378174, 30.792720794677734
245, -156.4956788408963, 2, 12.20016845200007, 92, 57272, 57272, 4.623515605926514, 30.815994262695312
246, -34.32962024270091, 4, 50.01788365799803, 390, 57662, 57662, 4.356912136077881, 30.86305046081543
247, -158.50951368384995, 2, 18.623779012999876, 142, 57804, 57804, 4.6872687339782715, 31.08600616455078
248, -155.67262241468416, 2, 14.17069224000079, 107, 57911, 57911, 4.304683685302734, 31.487606048583984
249, -151.3867246095324, 2, 11.951139812998008, 90, 58001, 58001, 4.12947940826416, 30.886646270751953
250, -165.2540274001658, 2, 4.3561973630021384, 30, 58031, 58031, 4.685423374176025, 31.12984848022461
251, -153.7216053836164, 2, 31.881861030997243, 244, 58275, 58275, 4.325589179992676, 31.183509826660156
252, -162.235046589165, 2, 18.62978633599778, 143, 58418, 58418, 4.3491010665893555, 31.037723541259766
253, -169.20580760855228, 2, 38.14130726700023, 296, 58714, 58714, 4.360352993011475, 31.25153350830078
254, -77.58385438937694, 4, 49.63929484000255, 385, 59099, 59099, 4.300328254699707, 31.53080177307129
255, -155.14540123706684, 2, 9.199910979001288, 68, 59167, 59167, 4.495665550231934, 32.05483627319336
256, -154.14502365351655, 2, 9.645242342998245, 72, 59239, 59239, 4.272035598754883, 30.858848571777344
257, -164.77627349787508, 2, 29.032757963999757, 225, 59464, 59464, 4.405561923980713, 31.536575317382812
258, -151.12199524969765, 2, 28.4229704879981, 220, 59684, 59684, 4.128431797027588, 31.191850662231445
259, -151.7714570943208, 2, 7.487712250000186, 55, 59739, 59739, 4.388147354125977, 31.771066665649414
260, -75.54842388210818, 4, 49.58333516800121, 386, 60125, 60125, 4.37768030166626, 30.88884735107422
261, -17.938044125432498, 4, 49.529706233999605, 387, 60512, 60512, 4.372438907623291, 31.65418815612793
262, -172.05411163118697, 2, 40.11030278799808, 313, 60825, 60825, 4.168882369995117, 31.38512420654297
263, -148.92211540252902, 2, 12.565424339998572, 95, 60920, 60920, 4.181324005126953, 31.552120208740234
264, -153.87337386701256, 2, 13.15103808600179, 100, 61020, 61020, 4.2750749588012695, 32.0041618347168
265, -156.27815333893523, 2, 5.345017742001801, 38, 61058, 61058, 3.9750783443450928, 31.322757720947266
266, -153.41917550342623, 2, 5.8623469910016865, 42, 61100, 61100, 4.481494903564453, 32.52592086791992
267, -168.91850273677846, 2, 37.328592014000606, 290, 61390, 61390, 4.1842041015625, 31.632104873657227
268, -165.56682593747973, 2, 4.33344261500315, 30, 61420, 61420, 5.074534893035889, 31.515031814575195
269, -160.51458345912397, 2, 20.13738160199864, 155, 61575, 61575, 4.520954132080078, 31.778614044189453
270, -147.73056602361612, 2, 21.49226977500075, 165, 61740, 61740, 4.404272556304932, 31.569726943969727
271, -76.36600086369435, 4, 50.19821328100079, 393, 62133, 62133, 4.253236770629883, 31.401613235473633
272, -37.7895496173187, 4, 49.61064203800197, 388, 62521, 62521, 4.397589206695557, 31.942729949951172
273, -175.98936726869397, 2, 34.40857981299996, 266, 62787, 62787, 4.196929931640625, 31.918973922729492
274, -147.17112304316834, 2, 10.721904638001433, 80, 62867, 62867, 4.136575222015381, 31.995128631591797
275, -35.06522211025731, 4, 49.57600249799725, 386, 63253, 63253, 4.213150978088379, 31.677289962768555
276, -68.4332871058723, 4, 49.54639513800066, 386, 63639, 63639, 4.330223083496094, 32.74123001098633
277, -87.5847704972839, 4, 49.65909473500142, 387, 64026, 64026, 4.177685737609863, 32.517127990722656
278, -204.93364574038424, 2, 20.480968490999658, 157, 64183, 64183, 4.2591352462768555, 31.591623306274414
279, -150.91519657860044, 2, 16.746562773001642, 128, 64311, 64311, 4.14353084564209, 31.864032745361328
280, -88.11514042876661, 4, 49.45149725599913, 386, 64697, 64697, 4.264805793762207, 32.79228210449219
281, -149.90515494704596, 2, 4.706126847999258, 33, 64730, 64730, 4.037813663482666, 32.48765182495117
282, -42.57206080458127, 4, 49.40943364999839, 385, 65115, 65115, 4.228980541229248, 32.9088134765625
283, -31.165779159171507, 4, 49.601337272997625, 386, 65501, 65501, 4.230724811553955, 32.71912384033203
284, -154.5524147755932, 2, 7.49802174800061, 55, 65556, 65556, 3.905992031097412, 32.49955368041992
285, -11.728855673074577, 4, 49.62701656200079, 387, 65943, 65943, 4.178038597106934, 32.827266693115234
286, -5.5918620172160445, 4, 49.670374546996754, 386, 66329, 66329, 4.148481369018555, 32.39958953857422
287, -78.52901250054128, 4, 49.58175119799853, 386, 66715, 66715, 4.077091693878174, 32.91630554199219
288, -150.70410990010714, 2, 15.3541816500001, 115, 66830, 66830, 3.9185681343078613, 33.292537689208984
289, -153.03521577874199, 2, 7.194042475999595, 52, 66882, 66882, 4.757855415344238, 32.29555892944336
290, -150.555039267987, 2, 5.494102084998303, 39, 66921, 66921, 4.531551837921143, 33.64738845825195
291, -155.41226146557892, 2, 18.6932364159984, 142, 67063, 67063, 3.9498729705810547, 32.421119689941406
292, -52.91081228287658, 4, 49.97252980800113, 385, 67448, 67448, 4.136610984802246, 32.38505554199219
293, -168.28436789783882, 2, 23.543753193996963, 182, 67630, 67630, 4.120512008666992, 32.97513961791992
294, -147.07901783729903, 2, 18.805499849000626, 144, 67774, 67774, 4.07133674621582, 32.66587829589844
295, -76.83830206550192, 4, 49.427316036002594, 383, 68157, 68157, 4.114147663116455, 32.67475509643555
296, -163.59486721036956, 2, 21.06837976299721, 162, 68319, 68319, 3.938676357269287, 32.99520492553711
297, -93.7570916529512, 4, 50.02601957099978, 390, 68709, 68709, 4.12059211730957, 33.10335922241211
298, -150.57902850252867, 2, 19.438422532002733, 149, 68858, 68858, 3.960049867630005, 32.64174270629883
299, -19.588796907039068, 4, 49.748368470998685, 388, 69246, 69246, 4.063331127166748, 33.11268615722656
300, -154.13950262218714, 2, 4.343396912998287, 30, 69276, 69276, 3.952408790588379, 32.88526916503906
301, -58.304623193107545, 4, 49.79213563899975, 384, 69660, 69660, 4.159543991088867, 33.18313980102539
302, -154.65711490646936, 2, 11.99768428400057, 90, 69750, 69750, 4.020073890686035, 34.522335052490234
303, -173.17142327548936, 2, 35.629498289003095, 275, 70025, 70025, 4.115911483764648, 33.173622131347656
304, -78.57429444347508, 4, 50.12983029600218, 390, 70415, 70415, 4.139777660369873, 33.363525390625
305, -155.45685532761127, 2, 15.50535768500049, 118, 70533, 70533, 4.077710151672363, 33.518306732177734
306, -154.48431152524427, 2, 8.055054041000403, 59, 70592, 70592, 4.033784866333008, 34.24911117553711
307, -174.82279521226883, 2, 35.935855104999064, 277, 70869, 70869, 4.099909782409668, 33.464683532714844
308, -68.82143540319521, 4, 49.76431050300016, 386, 71255, 71255, 4.212795257568359, 34.065696716308594
309, -160.1370307393372, 2, 17.749523596998188, 136, 71391, 71391, 4.36314058303833, 33.755699157714844
310, -34.239201395306736, 4, 49.4977064650011, 385, 71776, 71776, 4.2603678703308105, 33.72605895996094
311, -151.75007535645273, 2, 16.024980127000163, 122, 71898, 71898, 4.038746356964111, 33.881919860839844
312, -89.63614003267139, 4, 50.08518411099794, 390, 72288, 72288, 4.1045451164245605, 33.87953567504883
313, -216.64222598681226, 2, 49.47594596899944, 385, 72673, 72673, 4.102400302886963, 34.578529357910156
314, -80.59350188521785, 4, 49.682778361999226, 384, 73057, 73057, 4.030018329620361, 34.90230178833008
315, -153.07286474807188, 2, 7.105224009999802, 52, 73109, 73109, 3.5740368366241455, 34.45134735107422
316, -32.27790616872721, 4, 50.12562612699912, 387, 73496, 73496, 4.001501083374023, 34.548919677734375
317, -197.56294998899102, 2, 41.792002460999356, 324, 73820, 73820, 4.058778762817383, 34.740028381347656
318, -158.27139336022083, 2, 16.955140067002503, 129, 73949, 73949, 4.009356498718262, 35.09135055541992
319, -64.93044763157377, 4, 49.94455339099659, 389, 74338, 74338, 4.1258225440979, 34.73904037475586
320, -147.0836490933143, 2, 10.432936488999985, 78, 74416, 74416, 4.113250255584717, 34.999290466308594
321, -30.884963887849153, 4, 49.78354347400091, 388, 74804, 74804, 4.086197376251221, 34.95884704589844
322, -65.17967886268161, 4, 49.60843978399862, 386, 75190, 75190, 3.9701483249664307, 35.019962310791016
323, -75.81792937789578, 4, 49.57567806299994, 386, 75576, 75576, 4.068124771118164, 34.594730377197266
324, -153.9142726669088, 2, 8.683163423000224, 64, 75640, 75640, 3.937342643737793, 35.08848190307617
325, -158.6174704000441, 2, 44.88712153800225, 349, 75989, 75989, 3.8819804191589355, 35.29196548461914
326, -186.4674209213681, 2, 24.6873540350025, 190, 76179, 76179, 4.012702465057373, 34.55369186401367
327, -170.0975998887443, 2, 40.129659289999836, 311, 76490, 76490, 3.9194841384887695, 34.603302001953125
328, -47.987678551638965, 4, 49.47766714499812, 385, 76875, 76875, 3.899188280105591, 34.88041305541992
329, -40.435398766057915, 4, 49.62565205099963, 386, 77261, 77261, 3.9075136184692383, 35.0062141418457
330, -161.70461397990584, 2, 8.636147502002132, 64, 77325, 77325, 4.148397445678711, 34.75618362426758
331, -155.7160959629109, 2, 30.85573737300001, 239, 77564, 77564, 3.8352415561676025, 34.493106842041016
332, -64.3754953444004, 4, 50.32345987300141, 392, 77956, 77956, 3.9825046062469482, 35.08000183105469
333, -78.5499871482607, 4, 49.55358459800118, 384, 78340, 78340, 4.0419416427612305, 34.83341598510742
334, -152.18485675792908, 2, 5.499004651999712, 39, 78379, 78379, 3.906358480453491, 35.1085090637207
335, -76.96741265919991, 4, 49.6673176439981, 386, 78765, 78765, 3.9528143405914307, 35.36766815185547
336, -152.10642059732345, 2, 19.113461991000804, 146, 78911, 78911, 4.140042304992676, 35.14701461791992
337, -156.12925503113001, 2, 33.360233700997924, 258, 79169, 79169, 4.054841995239258, 35.51531219482422
338, -89.2916070886713, 4, 50.23420151800019, 391, 79560, 79560, 3.9235856533050537, 35.17338180541992
339, -23.68487639365776, 4, 49.711763111001346, 386, 79946, 79946, 3.8943634033203125, 35.528770446777344
340, -91.06573212472722, 4, 49.56892936400254, 385, 80331, 80331, 3.7536890506744385, 35.31047821044922
341, -155.09391324222088, 2, 5.880581264998909, 42, 80373, 80373, 3.8249242305755615, 35.67747497558594
342, -151.9111478661507, 2, 27.772159954998642, 214, 80587, 80587, 3.936918258666992, 35.52751159667969
343, -152.36499174602795, 2, 9.925423403998138, 74, 80661, 80661, 3.6597588062286377, 35.469661712646484
344, -70.09679407463409, 4, 49.65530342599959, 384, 81045, 81045, 3.82331919670105, 35.28889083862305
345, -180.7750997968542, 2, 32.37279454699819, 250, 81295, 81295, 3.6835243701934814, 35.211299896240234
346, -23.18464857910294, 4, 49.8733464500001, 388, 81683, 81683, 3.7867813110351562, 35.31413650512695
347, -164.64554408972617, 2, 9.193200128000171, 68, 81751, 81751, 3.8761417865753174, 35.81550598144531
348, -152.52482204915214, 2, 10.53703222400145, 79, 81830, 81830, 3.840360641479492, 35.51625061035156
349, -161.05781618060428, 2, 42.692631415000506, 331, 82161, 82161, 3.6900649070739746, 35.1213493347168
350, -89.7669636933133, 4, 49.81789873700109, 387, 82548, 82548, 3.9934167861938477, 35.4294548034668
351, -158.75861016355066, 2, 32.948376592001296, 255, 82803, 82803, 3.9313244819641113, 35.50739288330078
352, -163.41956645181926, 2, 15.286846718998277, 116, 82919, 82919, 3.8674612045288086, 35.45348358154297
353, -80.97880961140618, 4, 49.537605371999234, 385, 83304, 83304, 3.936049461364746, 35.58503341674805
354, -95.7623289343901, 4, 49.67202348399951, 386, 83690, 83690, 3.7736525535583496, 35.730255126953125
355, -166.6616073346231, 2, 27.541411832997255, 212, 83902, 83902, 3.7850563526153564, 35.793670654296875
356, -59.813895031576976, 4, 49.60740845100008, 386, 84288, 84288, 3.8524045944213867, 35.96111297607422
357, -28.6353067815362, 4, 49.54738892900059, 385, 84673, 84673, 3.783252239227295, 35.74443054199219
358, -78.62371457496192, 4, 49.63360337999984, 385, 85058, 85058, 3.8159267902374268, 35.250732421875
359, -104.00957711972296, 4, 49.65787191500203, 386, 85444, 85444, 3.8973395824432373, 35.87344741821289
360, -82.58874391531572, 4, 49.59066526499737, 385, 85829, 85829, 3.715740442276001, 35.99806594848633
361, -158.35823730187667, 2, 24.15584915400177, 186, 86015, 86015, 3.99497127532959, 36.148338317871094
362, -28.24590726288443, 4, 50.05154926199975, 389, 86404, 86404, 3.6418917179107666, 35.89255905151367
363, -151.93533914419822, 2, 6.881984853000176, 50, 86454, 86454, 3.947338581085205, 36.038597106933594
364, -164.57736191677395, 2, 22.90422916699754, 176, 86630, 86630, 3.7605996131896973, 36.238861083984375
365, -92.30911405629013, 4, 49.868450037, 387, 87017, 87017, 3.653195381164551, 36.00666046142578
366, -56.13974305638112, 4, 49.70738595600051, 386, 87403, 87403, 3.888599157333374, 36.219139099121094
367, -148.3211038527079, 2, 9.446971617999225, 70, 87473, 87473, 3.6292712688446045, 35.880184173583984
368, -81.1665461717057, 4, 49.653888249999, 384, 87857, 87857, 3.651493787765503, 36.47074508666992
369, -84.81041054101661, 4, 49.67045779699765, 386, 88243, 88243, 3.6386914253234863, 36.89616012573242
370, -157.6377856170584, 2, 38.444439177001186, 297, 88540, 88540, 4.031498432159424, 36.978057861328125
371, -148.51753814774565, 2, 13.918220340001426, 105, 88645, 88645, 3.942098617553711, 37.11003494262695
372, -53.1161935152486, 4, 49.433737139002915, 384, 89029, 89029, 3.5420939922332764, 36.552703857421875
373, -97.2799870679155, 4, 49.582737832999555, 385, 89414, 89414, 3.617112874984741, 36.608280181884766
374, -152.34726225511986, 2, 20.187112554001942, 154, 89568, 89568, 3.822603702545166, 36.32180404663086
375, -151.71793276118115, 2, 5.226375447000464, 37, 89605, 89605, 3.3078582286834717, 36.395469665527344
376, -147.69799182917632, 2, 18.709028027002205, 142, 89747, 89747, 3.5724127292633057, 36.45054244995117
377, -151.56094955449225, 2, 10.698650446000102, 80, 89827, 89827, 4.023038387298584, 37.536869049072266
378, -153.0595424027415, 2, 7.800582556999871, 57, 89884, 89884, 4.191492080688477, 37.196929931640625
379, -173.10077359259594, 2, 19.988360807998106, 153, 90037, 90037, 3.7187156677246094, 37.259033203125
380, -146.81223294619122, 2, 10.243645578000724, 76, 90113, 90113, 3.4096150398254395, 35.981590270996094
381, -86.14422077825293, 4, 49.578353272998356, 385, 90498, 90498, 3.751433849334717, 37.03822708129883
382, -175.14584885487352, 2, 27.889213861002645, 215, 90713, 90713, 3.571878671646118, 36.894508361816406
383, -146.85908447613474, 2, 9.081486459002917, 67, 90780, 90780, 3.700303077697754, 37.008277893066406
384, -165.3116148127574, 2, 37.98761504199865, 293, 91073, 91073, 3.6831395626068115, 36.812686920166016
385, -29.247048663215537, 4, 49.37304154799858, 382, 91455, 91455, 3.6396565437316895, 36.711238861083984
386, -46.111918395909015, 4, 49.623994540997955, 385, 91840, 91840, 3.6457087993621826, 36.58232498168945
387, -70.30462985066697, 4, 49.62454283400075, 385, 92225, 92225, 3.5794949531555176, 36.562435150146484
388, -148.9667125393753, 2, 10.981638638000732, 82, 92307, 92307, 3.78309965133667, 36.364349365234375
389, -79.98969039166695, 4, 50.12484530599977, 388, 92695, 92695, 3.763974189758301, 36.54448318481445
390, -160.33149840589613, 2, 12.7272569630004, 95, 92790, 92790, 3.626887559890747, 36.737850189208984
391, -162.42015831486788, 2, 25.163789872000052, 194, 92984, 92984, 3.696279525756836, 36.29792785644531
392, -90.39604356954806, 4, 49.89549360200181, 388, 93372, 93372, 3.7215893268585205, 36.71882629394531
393, -159.05836539555457, 2, 24.37371166199955, 188, 93560, 93560, 3.6241750717163086, 36.397911071777344
394, -54.8486658805632, 4, 49.71841867200055, 387, 93947, 93947, 3.6026504039764404, 36.718379974365234
395, -150.26796951907454, 2, 14.491254990996822, 110, 94057, 94057, 3.7928450107574463, 36.744571685791016
396, -155.0821671273443, 2, 33.77171253599954, 261, 94318, 94318, 3.5359597206115723, 36.609615325927734
397, -66.46801664680243, 4, 49.44545838600243, 384, 94702, 94702, 3.719804525375366, 36.73745346069336
398, -201.38678936858196, 2, 38.17221246600093, 296, 94998, 94998, 3.7792420387268066, 36.557533264160156
399, -76.75562561559491, 4, 49.89300717199876, 388, 95386, 95386, 3.7950024604797363, 36.692569732666016
400, -177.57958772731945, 2, 17.694804483999178, 135, 95521, 95521, 3.513612747192383, 36.756839752197266
401, -58.856632910319604, 4, 49.447293307999644, 385, 95906, 95906, 3.6322858333587646, 36.621768951416016
402, -85.1718945140019, 4, 49.67278493199774, 386, 96292, 96292, 3.4953999519348145, 36.7691650390625
403, -59.43616862365161, 4, 49.54674790500212, 385, 96677, 96677, 3.616469383239746, 36.83164978027344
404, -70.70514992531389, 4, 49.62193301099978, 386, 97063, 97063, 3.5221121311187744, 36.840538024902344
405, -153.63240950828185, 2, 4.359408216998418, 30, 97093, 97093, 3.5197057723999023, 36.375545501708984
406, -56.81521829869598, 4, 49.69408679700064, 387, 97480, 97480, 3.257516622543335, 36.69513702392578
407, -148.0786403005477, 2, 10.094708884000283, 75, 97555, 97555, 3.534029245376587, 36.85740661621094
408, -32.61841964221094, 4, 50.03676508600256, 389, 97944, 97944, 3.516800880432129, 37.221580505371094
409, -95.06247462891042, 4, 49.54672331099937, 385, 98329, 98329, 3.551410675048828, 37.13951873779297
410, -89.39931674767286, 4, 49.6959826530001, 386, 98715, 98715, 3.577540159225464, 37.01325988769531
411, -69.92709042713977, 4, 49.53765793599814, 383, 99098, 99098, 3.6611015796661377, 37.09746170043945
412, -154.83362184124417, 2, 21.594314848996873, 165, 99263, 99263, 3.1819584369659424, 37.1695556640625
413, -169.903289431968, 2, 19.414140947003034, 148, 99411, 99411, 3.661191701889038, 36.84493637084961
414, -178.17188168270513, 2, 31.265476276999834, 240, 99651, 99651, 3.515711784362793, 36.93107223510742
415, -205.7419225272024, 2, 46.16278556399993, 357, 100008, 100008, 3.471627950668335, 37.04462432861328
416, -68.69938458246179, 4, 49.531870799997705, 384, 100392, 100392, 3.5040175914764404, 36.9375114440918
417, -75.9676914261654, 4, 49.51768873399851, 385, 100777, 100777, 3.5803933143615723, 37.012001037597656
418, -154.50222942835535, 2, 6.511965888003033, 47, 100824, 100824, 3.297684669494629, 37.15707778930664
419, -146.50041652825894, 2, 15.410248348001915, 116, 100940, 100940, 3.339111328125, 37.461612701416016
420, -149.35329106776044, 2, 10.96143300300173, 82, 101022, 101022, 3.593677520751953, 37.178321838378906
421, -75.28363256761804, 4, 49.41241773299771, 383, 101405, 101405, 3.3033409118652344, 36.85798645019531
422, -79.15169320238056, 4, 49.599452040998585, 384, 101789, 101789, 3.4826271533966064, 37.11807632446289
423, -153.92667126309243, 2, 23.506340255000396, 180, 101969, 101969, 3.4172911643981934, 37.500301361083984
424, -153.93528806744143, 2, 5.264200287001586, 37, 102006, 102006, 3.4697327613830566, 36.916378021240234
425, -164.48348182043992, 2, 20.723527366997587, 158, 102164, 102164, 3.4723803997039795, 37.23637390136719
426, -33.22102401678421, 4, 49.8865352540015, 387, 102551, 102551, 3.3912508487701416, 37.026222229003906
427, -84.52628664224176, 4, 49.65798295700006, 385, 102936, 102936, 3.3838775157928467, 37.25831985473633
428, -186.23048025689786, 2, 48.94996305099994, 379, 103315, 103315, 3.5536322593688965, 37.498226165771484
429, -160.02004576823674, 2, 11.23783280799762, 84, 103399, 103399, 3.323873996734619, 37.45296096801758
430, -86.06535939918831, 4, 49.517218578999746, 382, 103781, 103781, 3.395972490310669, 37.492984771728516
431, -38.613671680155676, 4, 49.6714016779988, 385, 104166, 104166, 3.4193267822265625, 37.8555908203125
432, -171.14971009767032, 2, 21.40390316900084, 163, 104329, 104329, 3.5863137245178223, 37.679107666015625
433, -68.72806897864211, 4, 49.75207258500086, 386, 104715, 104715, 3.277291774749756, 37.55814743041992
434, -66.98848157306202, 4, 49.55160068900295, 384, 105099, 105099, 3.4388210773468018, 37.91902160644531
435, -152.9671455376083, 2, 16.605787769000017, 126, 105225, 105225, 3.4580342769622803, 37.43914031982422
436, -153.89484856207855, 2, 20.508705135001946, 156, 105381, 105381, 3.4415783882141113, 38.29188537597656
437, -87.43819461413659, 4, 49.61000017100014, 385, 105766, 105766, 3.5096588134765625, 37.875709533691406
438, -150.73084410373122, 2, 10.089768302001175, 75, 105841, 105841, 3.611018419265747, 38.19953536987305
439, -152.23728470437345, 2, 7.678984267000487, 56, 105897, 105897, 3.504495620727539, 37.7867546081543
440, -153.52884415118024, 2, 7.18159847700008, 52, 105949, 105949, 3.337287664413452, 38.38683319091797
441, -59.2446015602909, 4, 50.32476551199943, 391, 106340, 106340, 3.4904754161834717, 38.138427734375
442, -149.22006321605295, 2, 13.174188472003152, 99, 106439, 106439, 3.4719550609588623, 37.437599182128906
443, -4.606607009656727, 4, 49.980837205999705, 385, 106824, 106824, 3.400804281234741, 37.96931457519531
444, -168.53167442930862, 2, 4.39615940099975, 30, 106854, 106854, 3.706127882003784, 38.76627731323242
445, -148.93849702985608, 2, 10.467750456999056, 77, 106931, 106931, 3.6083121299743652, 38.290985107421875
446, -153.12761906191008, 2, 5.044278725999902, 35, 106966, 106966, 3.6834399700164795, 37.61777877807617
447, -153.13241691619623, 2, 8.455181281002297, 62, 107028, 107028, 2.946490526199341, 38.57503890991211
448, -218.89460984431207, 2, 35.404290672999196, 271, 107299, 107299, 3.4434192180633545, 38.12246322631836
449, -156.47907697968185, 2, 18.967846021001606, 143, 107442, 107442, 3.3713057041168213, 37.58674240112305
450, -48.93461606523488, 4, 50.14062457900218, 385, 107827, 107827, 3.3686535358428955, 38.077796936035156
451, -156.2673115748912, 2, 7.596424673000001, 55, 107882, 107882, 3.1260488033294678, 38.03691482543945
452, -182.54117778834188, 2, 38.888025140000536, 300, 108182, 108182, 3.3288443088531494, 38.100791931152344
453, -159.57464173994958, 2, 16.349560100999952, 124, 108306, 108306, 3.401167631149292, 38.01926040649414
454, -58.52294951141812, 4, 49.530945350001275, 384, 108690, 108690, 3.415466070175171, 37.841583251953125
455, -159.2983604988258, 2, 20.399380720002227, 155, 108845, 108845, 3.437532663345337, 37.67267608642578
456, -151.9821232863469, 2, 9.501204635998874, 70, 108915, 108915, 3.4968340396881104, 38.11455154418945
457, -174.99164427770302, 2, 26.827692579998256, 206, 109121, 109121, 3.2677578926086426, 37.478248596191406
458, -63.65123152063461, 4, 49.684699954999815, 384, 109505, 109505, 3.398287534713745, 38.23420715332031
459, -151.5472124039661, 2, 6.793868302996998, 49, 109554, 109554, 3.3607540130615234, 37.73522186279297
460, -59.82548338682682, 4, 50.28950829700261, 389, 109943, 109943, 3.414322853088379, 37.85636520385742
461, -164.71575763844885, 2, 29.941157658999145, 230, 110173, 110173, 3.3306682109832764, 37.77418899536133
462, -72.67235603171866, 4, 50.31627138299882, 390, 110563, 110563, 3.491615056991577, 38.0606689453125
463, -35.10436150303576, 4, 49.62383332900208, 384, 110947, 110947, 3.3719472885131836, 37.69184494018555
464, -43.2284044760745, 4, 49.62645752300159, 384, 111331, 111331, 3.300687789916992, 37.86137008666992
465, -152.9360282206908, 2, 7.036456009001995, 51, 111382, 111382, 3.194493293762207, 37.975677490234375
466, -149.15223995153792, 2, 9.408925092000572, 69, 111451, 111451, 3.2592525482177734, 37.0889892578125
467, -80.90404995682184, 4, 50.359619154998654, 390, 111841, 111841, 3.2630834579467773, 38.31753158569336
468, -158.4416669323109, 2, 10.395698502001324, 77, 111918, 111918, 3.2670087814331055, 38.87419891357422
469, -162.33163743762998, 2, 8.813276330998633, 65, 111983, 111983, 3.2032229900360107, 38.09097671508789
470, -164.77618309075478, 2, 16.60214768700098, 126, 112109, 112109, 3.297422409057617, 37.73750686645508
471, -156.57628591207322, 2, 11.36927025499972, 85, 112194, 112194, 3.525111675262451, 37.654300689697266
472, -162.3751108814322, 2, 24.84012682699904, 190, 112384, 112384, 3.304135322570801, 38.25804138183594
473, -153.68084346613614, 2, 11.621987814000022, 87, 112471, 112471, 3.3803110122680664, 39.037139892578125
474, -53.39387966153299, 4, 50.29697967099855, 389, 112860, 112860, 3.4352805614471436, 37.918949127197266
475, -151.45670092408545, 2, 7.597846366003068, 55, 112915, 112915, 3.2808895111083984, 37.435401916503906
476, -57.019598539453, 4, 49.575252530998114, 384, 113299, 113299, 3.2605254650115967, 37.98759460449219
477, -58.587372951064026, 4, 49.64958394099813, 383, 113682, 113682, 3.272550582885742, 38.17130661010742
478, -56.5232094808016, 4, 49.60862265600008, 383, 114065, 114065, 3.275754928588867, 38.511146545410156
479, -184.4825191918062, 2, 31.206582189999608, 240, 114305, 114305, 3.1780591011047363, 37.8306884765625
480, -77.81056584825274, 4, 50.01111905200014, 387, 114692, 114692, 3.3688201904296875, 38.03426742553711
481, -55.67442205309635, 4, 49.61236712099708, 384, 115076, 115076, 3.446864128112793, 38.05828094482422
482, -83.59376618405804, 4, 49.675479458001064, 384, 115460, 115460, 3.2228782176971436, 38.11919403076172
483, -167.19102804499562, 2, 19.336402721000923, 147, 115607, 115607, 3.2756290435791016, 38.07693862915039
484, -172.21037875441834, 2, 25.908980006999627, 198, 115805, 115805, 3.1304314136505127, 38.04180908203125
485, -35.54019935615361, 4, 49.4681052119995, 382, 116187, 116187, 3.340862274169922, 38.30051040649414
486, -169.13642460806295, 2, 24.666239021000365, 189, 116376, 116376, 3.4148104190826416, 38.444374084472656
487, -167.9824944671709, 2, 41.03638858699924, 317, 116693, 116693, 3.4245548248291016, 38.34972381591797
488, -156.1362759432959, 2, 16.382037534996925, 124, 116817, 116817, 3.3617072105407715, 38.62178039550781
489, -39.11710453539854, 4, 50.417330364998634, 390, 117207, 117207, 3.260925054550171, 38.16880416870117
490, -156.02844322973397, 2, 23.54955552699903, 178, 117385, 117385, 3.3670332431793213, 38.23343276977539
491, -33.21944944229472, 4, 49.65632073300003, 384, 117769, 117769, 3.139240026473999, 37.90803909301758
492, -154.5549244243448, 2, 6.055437790000724, 43, 117812, 117812, 3.314527988433838, 38.70315170288086
493, -68.65596396755427, 4, 50.03741636000268, 386, 118198, 118198, 3.2676103115081787, 38.322967529296875
494, -151.91961762704886, 2, 10.921985851997306, 81, 118279, 118279, 3.128020763397217, 38.373130798339844
495, -74.77086369530298, 4, 50.428012874999695, 389, 118668, 118668, 3.3120298385620117, 38.00111389160156
496, -153.0822404618375, 2, 6.732422492001206, 48, 118716, 118716, 3.0830256938934326, 38.78349685668945
497, -154.53571568994084, 2, 8.18945070299742, 60, 118776, 118776, 3.192681074142456, 38.534969329833984
498, -73.99390323273838, 4, 49.83652821299984, 385, 119161, 119161, 3.2592570781707764, 38.30705261230469
499, -79.79176751011983, 4, 49.56907241599765, 383, 119544, 119544, 3.316748857498169, 38.41157531738281
500, -151.54125596303493, 2, 7.961710925999796, 58, 119602, 119602, 3.1730637550354004, 37.595401763916016
501, -151.90832390496507, 2, 5.7689919369986455, 41, 119643, 119643, 3.056389331817627, 38.80792236328125
502, -153.8890621024184, 2, 8.66244722600095, 64, 119707, 119707, 3.3526771068573, 38.931739807128906
503, -182.7117957437731, 2, 33.660192782001104, 259, 119966, 119966, 3.3153679370880127, 37.88651657104492
504, -96.98960704356432, 4, 49.79204894799841, 386, 120352, 120352, 3.0841219425201416, 38.19364547729492
505, -69.53773247962818, 4, 49.59928425099861, 385, 120737, 120737, 3.1431503295898438, 38.555030822753906
506, -152.57855072180973, 2, 7.034606768000231, 51, 120788, 120788, 3.3172028064727783, 38.157676696777344
507, -155.27782790607307, 2, 8.038839654000185, 59, 120847, 120847, 3.423992156982422, 39.13787841796875
508, -153.89244654099457, 2, 5.667416442000103, 40, 120887, 120887, 3.214376926422119, 38.24325180053711
509, -26.803212762868498, 4, 49.50157755699911, 383, 121270, 121270, 3.381237745285034, 38.321922302246094
510, -147.88253111531958, 2, 10.827884449998237, 81, 121351, 121351, 3.400034189224243, 38.53648376464844
511, -160.53346871957183, 2, 18.56767183100237, 141, 121492, 121492, 2.9941649436950684, 38.06141662597656
512, -148.3658549748361, 2, 8.3082160390004, 61, 121553, 121553, 2.9561500549316406, 37.783573150634766
513, -91.48480093694525, 4, 49.61001936899993, 385, 121938, 121938, 3.325946092605591, 38.425132751464844
514, -149.09092156402767, 2, 6.165502008996555, 44, 121982, 121982, 3.1216163635253906, 37.67451477050781
515, -155.55183746347666, 2, 19.538023445998988, 149, 122131, 122131, 3.1784775257110596, 37.65351867675781
516, -151.15691049280576, 2, 5.259213901001203, 37, 122168, 122168, 3.2000043392181396, 38.25037384033203
517, -165.74653962941375, 2, 36.315360357002646, 280, 122448, 122448, 3.3123297691345215, 38.17845916748047
518, -73.69203468848718, 4, 49.563895388000674, 384, 122832, 122832, 3.306821584701538, 38.371177673339844
519, -159.6083759474568, 2, 22.852955785998347, 175, 123007, 123007, 3.1839447021484375, 38.322265625
520, -59.95244703069329, 4, 50.28593787099817, 389, 123396, 123396, 3.1310853958129883, 38.41993713378906
521, -51.795305541250855, 4, 49.66203170300287, 383, 123779, 123779, 3.4188082218170166, 38.277801513671875
522, -159.55914960736118, 2, 40.61306234899894, 311, 124090, 124090, 3.0513272285461426, 38.142337799072266
523, -166.5967573011294, 2, 31.505594108999503, 242, 124332, 124332, 3.232393741607666, 38.0131950378418
524, -176.67958973771601, 2, 31.493684724999184, 242, 124574, 124574, 3.2483739852905273, 38.25788497924805
525, -176.47573933249805, 2, 39.484011324002495, 304, 124878, 124878, 2.945324182510376, 38.33588409423828
526, -153.26416490133852, 2, 6.029203371999756, 43, 124921, 124921, 2.8175575733184814, 37.819576263427734
527, -230.42716544121504, 2, 42.26791609599968, 325, 125246, 125246, 3.1282522678375244, 38.060298919677734
528, -55.363297378702555, 4, 49.91759142999945, 385, 125631, 125631, 3.161186456680298, 38.10145568847656
529, -205.99913767306134, 2, 41.832939305000764, 322, 125953, 125953, 3.1958982944488525, 38.075618743896484
530, -169.50076320022345, 2, 4.389203385999281, 30, 125983, 125983, 2.8925344944000244, 37.429264068603516
531, -164.03919896157458, 2, 14.901908214997093, 112, 126095, 126095, 3.3106961250305176, 37.89072799682617
532, -165.712815367624, 2, 21.521469472998433, 164, 126259, 126259, 3.2286574840545654, 38.25865936279297
533, -63.40395865103346, 4, 50.281165797998256, 388, 126647, 126647, 3.1447291374206543, 38.047035217285156
534, -149.8266826296458, 2, 5.9276658140006475, 42, 126689, 126689, 2.7949202060699463, 37.77694320678711
535, -42.111568615539, 4, 50.27425271000175, 388, 127077, 127077, 3.1668920516967773, 37.80930709838867
536, -56.671601304085925, 4, 49.64480526800253, 383, 127460, 127460, 3.0483500957489014, 37.992523193359375
537, -156.1915752030909, 2, 7.713307116002397, 56, 127516, 127516, 3.2412075996398926, 37.900394439697266
538, -152.51621330925263, 2, 18.503042849999474, 140, 127656, 127656, 3.3925740718841553, 38.35846710205078
539, -152.37903503093912, 2, 14.330925917001878, 108, 127764, 127764, 3.0248568058013916, 38.09748077392578
540, -20.09300312038522, 4, 49.77296890700018, 384, 128148, 128148, 3.1372125148773193, 37.94334411621094
541, -53.95656772144139, 4, 49.681396241001494, 384, 128532, 128532, 3.0548408031463623, 37.769039154052734
542, -45.96511076204479, 4, 49.6011060339988, 382, 128914, 128914, 3.07658314704895, 38.00221252441406
543, -168.0842846284795, 2, 48.04287033599758, 371, 129285, 129285, 3.020254373550415, 37.986637115478516
544, -73.04629876004765, 4, 50.23865892200047, 388, 129673, 129673, 3.0203263759613037, 37.70252227783203
545, -47.501628754194826, 4, 49.63371090199871, 382, 130055, 130055, 3.259798288345337, 37.87264633178711
546, -149.16090988903306, 2, 10.00592860499819, 74, 130129, 130129, 3.0414390563964844, 38.17650604248047
547, -94.03963859006763, 4, 50.23526034099996, 387, 130516, 130516, 3.1297767162323, 38.01848220825195
548, -150.56641281908378, 2, 6.959020942002098, 50, 130566, 130566, 3.407411813735962, 38.90087127685547
549, -78.0807662254665, 4, 50.23912265299805, 389, 130955, 130955, 3.021243095397949, 38.10392761230469
550, -80.24436945421621, 4, 49.62916860000041, 382, 131337, 131337, 3.0816831588745117, 37.6694450378418
551, -79.27602619177924, 4, 49.59620415600148, 384, 131721, 131721, 3.053668260574341, 37.8387336730957
552, -162.0527344685397, 2, 36.119811476000905, 276, 131997, 131997, 3.031791925430298, 37.794464111328125
553, -168.91598071623594, 2, 17.488965610999003, 132, 132129, 132129, 2.940307855606079, 37.478485107421875
554, -144.56819545931648, 2, 10.265892973999144, 76, 132205, 132205, 3.088933229446411, 37.70148468017578
555, -95.82824022788554, 4, 49.618432916999154, 382, 132587, 132587, 3.2568938732147217, 37.55318069458008
556, -155.18414620496333, 2, 11.169356805999996, 83, 132670, 132670, 3.433163642883301, 38.621341705322266
557, -162.8997829737491, 2, 22.61160448300143, 171, 132841, 132841, 3.0090854167938232, 37.90105056762695
558, -69.32432955180411, 4, 50.03045863499938, 380, 133221, 133221, 2.945669174194336, 38.16892623901367
559, -148.7780086157727, 2, 9.618677619000664, 70, 133291, 133291, 3.1859850883483887, 38.48899459838867
560, -152.19718197475595, 2, 13.398396500000672, 99, 133390, 133390, 3.3182501792907715, 38.12727737426758
561, -154.81412982707843, 2, 20.958150272002968, 158, 133548, 133548, 3.028648614883423, 37.9727783203125
562, -154.62523190677166, 2, 7.0518619650028995, 50, 133598, 133598, 2.9984195232391357, 37.2039680480957
563, -148.9180731185479, 2, 10.294456043000537, 75, 133673, 133673, 3.0433740615844727, 37.6604118347168
564, -169.22272012848407, 2, 4.426285523000843, 30, 133703, 133703, 3.371861457824707, 37.83351516723633
565, -62.43921761121601, 4, 49.470449073000054, 377, 134080, 134080, 3.0789530277252197, 37.889339447021484
566, -70.96254938933998, 4, 49.806271339002706, 379, 134459, 134459, 3.1635029315948486, 37.66481399536133
567, -168.76314168368117, 2, 22.35782110600121, 169, 134628, 134628, 3.119630813598633, 37.98904037475586
568, -164.68620943743736, 2, 20.530088742998487, 155, 134783, 134783, 3.1586852073669434, 37.708831787109375
569, -262.5046286438592, 2, 46.11770660399998, 354, 135137, 135137, 3.2296319007873535, 37.36176300048828
570, -67.59796582337003, 4, 49.41561729000023, 381, 135518, 135518, 3.070486068725586, 37.93415832519531
571, -156.50027789195883, 2, 22.01152105499932, 167, 135685, 135685, 3.0329854488372803, 37.852508544921875
572, -167.33624407555908, 2, 4.3954121569986455, 30, 135715, 135715, 3.1801812648773193, 37.69316482543945
573, -154.1392623235297, 2, 29.860633059000975, 228, 135943, 135943, 3.0967586040496826, 37.776458740234375
574, -66.28293048078194, 4, 50.055642444000114, 382, 136325, 136325, 3.119649887084961, 37.55309295654297
575, -151.76669131510425, 2, 10.425581428000442, 77, 136402, 136402, 2.552490234375, 37.48179244995117
576, -150.63272509956732, 2, 37.00407842799905, 284, 136686, 136686, 3.0107083320617676, 37.53608703613281
577, -164.35324549203506, 2, 33.053062199000124, 253, 136939, 136939, 2.925926446914673, 37.44107437133789
578, -58.558303096331656, 4, 50.0907666460007, 384, 137323, 137323, 3.0558834075927734, 37.68619155883789
579, -149.15599230630323, 2, 11.061852116999944, 82, 137405, 137405, 2.9828100204467773, 37.20913314819336
580, -171.95558707416058, 2, 4.417034785001306, 30, 137435, 137435, 2.87151837348938, 37.74082565307617
581, -161.05783842643723, 2, 19.268925358999695, 146, 137581, 137581, 3.17840576171875, 36.93593978881836
582, -77.97126017184928, 4, 49.48208429999795, 382, 137963, 137963, 2.948650598526001, 37.15267562866211
583, -179.16363045573235, 2, 35.166221458999644, 270, 138233, 138233, 2.982260227203369, 37.514888763427734
584, -170.55710834264755, 2, 4.38086707399998, 30, 138263, 138263, 2.8833611011505127, 36.704891204833984
585, -177.62103997170925, 2, 9.89318499699948, 73, 138336, 138336, 2.9115183353424072, 37.09254455566406
586, -194.91334773600101, 2, 26.505430650999187, 203, 138539, 138539, 2.899118423461914, 37.30794906616211
587, -170.82535153627396, 2, 4.365015512001264, 30, 138569, 138569, 3.0038225650787354, 37.26987838745117
588, -170.50337719917297, 2, 4.382648134000192, 30, 138599, 138599, 3.2855615615844727, 37.67849349975586
589, -12.59249445120804, 5, 4.787203653999313, 30, 138629, 138629, 3.288867712020874, 36.748233795166016
590, -164.36265211179852, 2, 4.379263799997716, 30, 138659, 138659, 3.1602671146392822, 38.08340835571289
591, -27.059162163932342, 4, 49.89522958000089, 384, 139043, 139043, 2.9326486587524414, 37.20305252075195
592, -57.75038583020796, 4, 49.72181690800062, 382, 139425, 139425, 2.8633151054382324, 37.45580291748047
593, -71.65774920023978, 4, 49.56382083900098, 381, 139806, 139806, 3.040496349334717, 37.74888610839844
594, -164.3641629309277, 2, 25.362757874001545, 193, 139999, 139999, 3.2381279468536377, 37.464088439941406
595, -149.39209376694635, 2, 11.192311516002519, 83, 140082, 140082, 2.730098247528076, 37.66362762451172
596, -170.62565663456917, 2, 4.396479118997377, 30, 140112, 140112, 2.6932754516601562, 37.693885803222656
597, -158.9013356982614, 2, 47.30382856099823, 364, 140476, 140476, 3.09246563911438, 37.51633071899414
598, -76.33781190418813, 4, 49.84859410900026, 384, 140860, 140860, 3.0056145191192627, 37.553287506103516
599, -157.2745774045179, 2, 9.81865049100088, 72, 140932, 140932, 2.856429100036621, 37.497379302978516
600, -183.4939118521288, 2, 41.06691683000099, 315, 141247, 141247, 3.2205049991607666, 37.1283073425293
601, -149.89233638090082, 2, 5.527813795000839, 39, 141286, 141286, 2.500917673110962, 37.539039611816406
602, -154.20541104953736, 2, 21.07451403199957, 160, 141446, 141446, 2.976086139678955, 37.358978271484375
603, -150.02712339023128, 2, 11.842001953998988, 88, 141534, 141534, 2.933800458908081, 36.874900817871094
604, -152.06391240865923, 2, 8.868418157999258, 65, 141599, 141599, 2.915644884109497, 37.18278121948242
605, -35.397422469832236, 4, 49.95189032399867, 384, 141983, 141983, 3.0782439708709717, 37.32687759399414
606, -65.50985670415685, 4, 49.68258203499863, 382, 142365, 142365, 3.065859794616699, 37.25944900512695
607, -151.06223176140338, 2, 5.805485928998678, 41, 142406, 142406, 2.773677349090576, 36.53340530395508
608, -68.95622622570954, 4, 49.51729248799893, 381, 142787, 142787, 2.974862813949585, 37.26280975341797
609, -153.76618051948026, 2, 20.52997913099898, 155, 142942, 142942, 2.8285071849823, 37.4161262512207
610, -153.85463962238282, 2, 4.653948708000826, 32, 142974, 142974, 3.1998281478881836, 38.0157585144043
611, -67.81842199759558, 4, 49.693911891001335, 382, 143356, 143356, 3.0511155128479004, 37.24798583984375
612, -198.9938227196144, 2, 40.593645651999395, 312, 143668, 143668, 2.824955463409424, 37.06522750854492
613, -178.22558782587294, 2, 35.21196434100057, 270, 143938, 143938, 2.8552510738372803, 37.039669036865234
614, -72.06600201083347, 4, 50.027446635998785, 385, 144323, 144323, 2.7962117195129395, 37.114540100097656
615, -148.81375557091087, 2, 10.479456197997933, 77, 144400, 144400, 3.2610983848571777, 37.43000411987305
616, -174.39235892449506, 2, 32.97410089999903, 252, 144652, 144652, 2.9278948307037354, 37.26668167114258
617, -168.72158011299325, 2, 44.57158730499941, 342, 144994, 144994, 3.0508861541748047, 36.887332916259766
618, -165.0378798674792, 2, 4.400941025000066, 30, 145024, 145024, 2.876640558242798, 36.38557052612305
619, -161.63036704796832, 2, 14.27398685299704, 107, 145131, 145131, 2.8969409465789795, 36.80183029174805
620, -151.39238390082028, 2, 12.771031618998677, 95, 145226, 145226, 3.2174746990203857, 37.24571990966797
621, -92.83923196932301, 4, 49.70884754299914, 382, 145608, 145608, 2.832078218460083, 37.172523498535156
622, -152.78892694506794, 2, 6.701352676001989, 48, 145656, 145656, 3.250094413757324, 37.211761474609375
623, -53.466817759064725, 4, 49.6214561300003, 382, 146038, 146038, 2.869084596633911, 37.01344299316406
624, -174.0901814630488, 2, 31.25806857799762, 239, 146277, 146277, 2.943814992904663, 37.02666091918945
625, -55.69345370971132, 4, 50.01686231900021, 384, 146661, 146661, 2.84016489982605, 36.91208267211914
626, -50.24375955108553, 4, 49.69350102499811, 383, 147044, 147044, 3.051469087600708, 37.439632415771484
627, -150.2539000576944, 2, 22.254671697999584, 169, 147213, 147213, 2.7373557090759277, 36.67655563354492
628, -86.94677934679203, 4, 50.04578132700044, 384, 147597, 147597, 2.9634599685668945, 37.01105499267578
629, -157.36874086796888, 2, 23.854630178997468, 181, 147778, 147778, 2.8212432861328125, 37.206764221191406
630, -190.5029064755363, 2, 45.34456515199781, 348, 148126, 148126, 2.685572385787964, 37.0306510925293
631, -186.36024269521295, 2, 35.31080185499741, 270, 148396, 148396, 2.6769003868103027, 37.14144515991211
632, -62.08249299135059, 4, 49.99412769800256, 384, 148780, 148780, 2.770597457885742, 37.097137451171875
633, -159.0120494370858, 2, 26.229258647003007, 200, 148980, 148980, 2.7313148975372314, 37.246864318847656
634, -146.97052834555507, 2, 7.709967545000836, 56, 149036, 149036, 2.81508207321167, 37.36473846435547
635, -208.34950108377961, 2, 44.04091514400352, 338, 149374, 149374, 2.806776523590088, 37.01310348510742
636, -43.20032363041537, 4, 49.462186794000445, 380, 149754, 149754, 2.894096612930298, 37.18785095214844
637, -177.85471728281118, 2, 28.880933480002568, 220, 149974, 149974, 3.0459041595458984, 36.61737823486328
638, -159.6384282866493, 2, 14.911471252999036, 112, 150086, 150086, 3.075190305709839, 36.97260284423828
639, -159.8811348353629, 2, 16.27014966600109, 122, 150208, 150208, 3.224811315536499, 36.946807861328125
640, -61.461764079576824, 4, 49.46967152400248, 380, 150588, 150588, 2.9318830966949463, 36.899925231933594
641, -64.81443437014241, 4, 49.7745829710002, 382, 150970, 150970, 2.8571393489837646, 37.20360565185547
642, -150.8422715498309, 2, 21.94894107499931, 166, 151136, 151136, 3.128521203994751, 36.821834564208984
643, -150.003087715304, 2, 16.741166937001253, 126, 151262, 151262, 2.938596725463867, 37.34902572631836
644, -155.31701637913648, 2, 32.13299393500347, 245, 151507, 151507, 2.898543119430542, 36.74908447265625
645, -27.493604068178684, 4, 49.55538430899833, 381, 151888, 151888, 2.889601945877075, 36.98259735107422
646, -73.61707988983835, 4, 49.7748149149993, 382, 152270, 152270, 2.929088592529297, 36.9813117980957
647, -42.05434426562715, 4, 49.57209930799945, 381, 152651, 152651, 2.757310152053833, 36.76704406738281
648, -160.55185902118683, 2, 7.732897008001601, 56, 152707, 152707, 2.79472279548645, 36.66848373413086
649, -161.12055873661302, 2, 14.239440640001703, 107, 152814, 152814, 2.9165048599243164, 36.863555908203125
650, -153.04333931666042, 2, 27.567921121997642, 210, 153024, 153024, 2.9280648231506348, 36.83417510986328
651, -37.37930534078623, 4, 49.9380656789981, 384, 153408, 153408, 2.8776416778564453, 36.68685531616211
652, -155.92852804879658, 2, 9.200443614001415, 67, 153475, 153475, 2.7022643089294434, 36.733558654785156
653, -153.9347082078457, 2, 5.836386719001894, 41, 153516, 153516, 2.7263622283935547, 36.57966232299805
654, -34.45936907664873, 4, 49.69001500200102, 381, 153897, 153897, 2.992335557937622, 36.7855110168457
655, -149.85205011302605, 2, 12.890286970003217, 96, 153993, 153993, 2.7441511154174805, 37.03824996948242
656, -181.01311635735328, 2, 31.16310101700219, 238, 154231, 154231, 2.803464651107788, 36.5645751953125
657, -154.1684723610524, 2, 4.391133121000166, 30, 154261, 154261, 2.5894014835357666, 37.85183334350586
658, -78.96613099024398, 4, 50.04568084299899, 384, 154645, 154645, 2.7872021198272705, 36.62746810913086
659, -119.02909470623126, 4, 49.642389109998476, 380, 155025, 155025, 2.9831717014312744, 36.540618896484375
660, -148.83008296461776, 2, 7.050437202000467, 50, 155075, 155075, 2.852505683898926, 36.751461029052734
661, -153.32032431149855, 2, 6.306978173997777, 45, 155120, 155120, 2.7393128871917725, 36.75690460205078
662, -177.4491633544676, 2, 23.036481347000517, 174, 155294, 155294, 2.8699800968170166, 37.16532897949219
663, -228.77576871649399, 2, 73.46033752600124, 536, 155830, 155830, 2.8095810413360596, 36.85946273803711
664, -170.79789345886093, 2, 29.867425089996686, 227, 156057, 156057, 2.7973814010620117, 36.6924934387207
665, -146.34659851646575, 2, 15.024114021001878, 112, 156169, 156169, 2.9151062965393066, 37.00551223754883
666, -150.7209571118001, 2, 4.957956394999201, 34, 156203, 156203, 2.901846170425415, 36.1246223449707
667, -167.64487802475924, 2, 17.872044705996814, 134, 156337, 156337, 2.676621198654175, 36.549495697021484
668, -43.606432629647315, 4, 49.63123866100068, 380, 156717, 156717, 2.8492300510406494, 36.49166488647461
669, -151.82110419333912, 2, 6.487056813999516, 46, 156763, 156763, 2.765411138534546, 37.55805587768555
670, -153.0680705443956, 2, 8.380073268002889, 61, 156824, 156824, 2.9839444160461426, 36.188072204589844
671, -155.22787939582486, 2, 29.533963671001402, 225, 157049, 157049, 2.898595094680786, 36.6629524230957
672, -153.34526094514877, 2, 6.609648793000815, 47, 157096, 157096, 2.904621124267578, 35.96768569946289
673, -154.1247104241047, 2, 21.84510346300158, 165, 157261, 157261, 3.155942916870117, 36.596126556396484
674, -152.48626196803525, 2, 5.293494672001543, 37, 157298, 157298, 2.8407716751098633, 36.79808044433594
675, -102.80183005798608, 4, 49.94201891800185, 384, 157682, 157682, 2.895890474319458, 36.92704772949219
676, -169.109134596074, 2, 43.68448412300131, 335, 158017, 158017, 2.749634027481079, 36.53782653808594
677, -149.05411257245578, 2, 11.067060584999126, 82, 158099, 158099, 2.887397050857544, 37.11408996582031
678, -74.10038114804775, 4, 50.218049116003385, 385, 158484, 158484, 2.8334784507751465, 36.54181671142578
679, -73.41975168325007, 4, 49.581913673999225, 380, 158864, 158864, 2.990450620651245, 36.44069290161133
680, -91.55273678619415, 4, 49.68980643000032, 381, 159245, 159245, 2.8659191131591797, 37.01127243041992
681, -172.60675502498634, 2, 30.713453380001738, 234, 159479, 159479, 2.683786392211914, 37.086509704589844
682, -210.65699291042984, 2, 45.08355334599764, 345, 159824, 159824, 2.9479899406433105, 37.00816345214844
683, -177.10558671155013, 2, 34.09560965599667, 260, 160084, 160084, 2.6635360717773438, 37.10214614868164
684, -87.16408508934546, 4, 49.699523827999656, 381, 160465, 160465, 2.7922043800354004, 37.23412322998047
685, -73.04807410947978, 4, 49.69006278800225, 380, 160845, 160845, 2.850398063659668, 37.39004898071289
686, -174.10662113867875, 2, 40.35995885399461, 308, 161153, 161153, 2.875903606414795, 37.040992736816406
687, -156.12138616413813, 2, 13.685286403000646, 102, 161255, 161255, 2.8238914012908936, 37.41805648803711
688, -92.20710722403601, 4, 49.85233003099711, 381, 161636, 161636, 3.035651206970215, 36.995887756347656
689, -167.67331657910836, 2, 49.55725373399764, 380, 162016, 162016, 2.845532178878784, 37.39033508300781
690, -89.72873413655907, 4, 49.761798318999354, 381, 162397, 162397, 2.7952098846435547, 37.29216003417969
691, -87.77024912810884, 4, 49.75343650699506, 381, 162778, 162778, 2.6942942142486572, 36.99761962890625
692, -49.57299022935331, 4, 49.575113658997, 380, 163158, 163158, 2.790356397628784, 37.213348388671875
693, -17.477415387644214, 4, 49.65132852499664, 380, 163538, 163538, 2.728327989578247, 36.87812423706055
694, -148.0775059668813, 2, 22.69265527799871, 172, 163710, 163710, 3.1100313663482666, 36.91304016113281
695, -47.056249767076224, 4, 49.64592951999657, 381, 164091, 164091, 2.6451900005340576, 36.96359634399414
696, -162.21906042694172, 2, 26.719890367996413, 203, 164294, 164294, 2.6501004695892334, 36.79829788208008
697, -30.545981698393007, 4, 49.56737186599639, 379, 164673, 164673, 2.8885011672973633, 36.99192428588867
698, -161.82731731020613, 2, 30.749577027003397, 234, 164907, 164907, 2.712387800216675, 36.573917388916016
699, -153.25339231500402, 2, 14.676963163001346, 110, 165017, 165017, 2.8411407470703125, 37.273006439208984
700, -151.69788565230556, 2, 18.918398426998465, 142, 165159, 165159, 3.140899658203125, 36.66141128540039
