episode, reward, success, duration, steps, total_steps, memory length, avg_critic_loss, avg_actor_loss
1, -74.0746774468571, 2, 22.712917288001336, 177, 15149, 15149, 0.3825482726097107, -5.968034744262695
2, -201.44946033135056, 4, 49.37575376799941, 384, 15533, 15533, 0.38237789273262024, -5.670537948608398
3, -202.54480991140008, 4, 49.58656435999728, 386, 15919, 15919, 0.3996490240097046, -5.376643657684326
4, -5.104330364614725, 2, 4.339939793004305, 30, 15949, 15949, 0.41937997937202454, -5.060545921325684
5, -203.1527036204934, 4, 49.733381873993494, 387, 16336, 16336, 0.4051743149757385, -4.804323196411133
6, -202.0728318989277, 4, 49.583119073999114, 385, 16721, 16721, 0.3868379592895508, -4.08350133895874
7, -203.06379368156195, 4, 49.686213768000016, 387, 17108, 17108, 0.37166550755500793, -3.448113203048706
8, -10.625419907271862, 2, 4.339172148000216, 30, 17138, 17138, 0.37770721316337585, -3.073593854904175
9, -203.1780497469008, 4, 49.69391975500184, 387, 17525, 17525, 0.3439856171607971, -2.7598860263824463
10, -202.5259659551084, 4, 49.607101560002775, 386, 17911, 17911, 0.3180159032344818, -2.196402072906494
11, -202.55837386101484, 4, 49.54204938800103, 386, 18297, 18297, 0.31543582677841187, -1.6183146238327026
12, -203.1384212858975, 4, 49.626761841995176, 387, 18684, 18684, 0.2902832329273224, -1.1716136932373047
13, -202.6390135884285, 4, 49.596955617002095, 386, 19070, 19070, 0.2700931429862976, -0.6409274935722351
14, -4.732520204037428, 2, 4.316631469999265, 30, 19100, 19100, 0.24576769769191742, -0.3519567549228668
15, -3.053748555481434, 2, 4.327302070007136, 30, 19130, 19130, 0.2469281256198883, -0.4204549491405487
16, -204.17098482698202, 4, 49.95758185500017, 389, 19519, 19519, 0.2485920935869217, -0.07022236287593842
17, -201.978102453053, 4, 49.592633487001876, 385, 19904, 19904, 0.22469186782836914, 0.32816624641418457
18, -202.3936780616641, 4, 49.686366916001134, 386, 20290, 20290, 0.21173900365829468, 0.6976519823074341
19, -201.99569572508335, 4, 49.570587255002465, 385, 20675, 20675, 0.2057049572467804, 1.0799833536148071
20, -201.9077618829906, 4, 49.494318174998625, 385, 21060, 21060, 0.1921992301940918, 1.4293618202209473
21, -202.3041209205985, 4, 49.57674887699977, 386, 21446, 21446, 0.19050590693950653, 1.5039669275283813
22, -53.22633299138397, 2, 16.156296704997658, 123, 21569, 21569, 0.2002492994070053, 1.6991959810256958
23, -203.07933615520597, 4, 49.97864451700298, 388, 21957, 21957, 0.21359124779701233, 1.910683512687683
24, -201.33139281719923, 4, 49.60637407000468, 385, 22342, 22342, 0.21970072388648987, 2.215066432952881
25, -81.75684982445091, 2, 24.84919031699974, 191, 22533, 22533, 0.21338805556297302, 2.3381807804107666
26, -190.31232018582523, 4, 49.40002957600518, 383, 22916, 22916, 0.21574290096759796, 2.564819574356079
27, -201.13524036109447, 4, 49.58454501599772, 386, 23302, 23302, 0.20883595943450928, 2.820826768875122
28, -182.1220753127709, 4, 49.53786826199939, 385, 23687, 23687, 0.19966347515583038, 3.0756547451019287
29, -194.98189009074122, 4, 49.569129425995925, 386, 24073, 24073, 0.1955575942993164, 3.3147153854370117
30, -53.40854348614812, 2, 14.633126477994665, 111, 24184, 24184, 0.19174975156784058, 3.445329189300537
31, -24.524935575202107, 2, 10.154540499999712, 76, 24260, 24260, 0.19498211145401, 3.513204574584961
32, -3.6651808666065335, 2, 5.446794884002884, 39, 24299, 24299, 0.20265761017799377, 3.5844953060150146
33, -26.076825315132737, 2, 10.674484434995975, 80, 24379, 24379, 0.19369010627269745, 3.6186606884002686
34, -21.93069861922413, 2, 7.511805476002337, 55, 24434, 24434, 0.1976688802242279, 3.621462345123291
35, -191.7619396103546, 4, 49.79925191000075, 387, 24821, 24821, 0.19717179238796234, 3.8033244609832764
36, -26.397189997136593, 2, 8.536708722000185, 63, 24884, 24884, 0.2046719789505005, 3.9034953117370605
37, -178.34694818034768, 2, 43.944240880002326, 340, 25224, 25224, 0.19884827733039856, 4.086762428283691
38, -30.497815946117043, 2, 10.866450621004333, 81, 25305, 25305, 0.19645152986049652, 4.242753028869629
39, -37.02666189707816, 2, 19.667153595000855, 150, 25455, 25455, 0.19342191517353058, 4.285552501678467
40, -22.71351785119623, 2, 8.187977832996694, 60, 25515, 25515, 0.19081375002861023, 4.370727062225342
41, -202.9418465886265, 4, 50.12329765900358, 389, 25904, 25904, 0.19426342844963074, 4.518619537353516
42, -26.07145733386278, 2, 9.066332584996417, 67, 25971, 25971, 0.19344648718833923, 4.650911331176758
43, -7.451635685749352, 2, 5.015732993997517, 35, 26006, 26006, 0.198427215218544, 4.693946361541748
44, -29.57066798955202, 2, 14.303844180998567, 108, 26114, 26114, 0.19698983430862427, 4.69295072555542
45, -10.125122901052237, 2, 4.351514511996356, 30, 26144, 26144, 0.17026109993457794, 4.749981880187988
46, -7.5253156162798405, 2, 5.364635289995931, 38, 26182, 26182, 0.1846023052930832, 4.732990264892578
47, -25.598102130927145, 2, 22.307035753998207, 171, 26353, 26353, 0.20273877680301666, 4.845605373382568
48, -177.20813920442015, 4, 49.42011323499901, 384, 26737, 26737, 0.20039284229278564, 5.013610363006592
49, -58.84374834224582, 2, 18.360631221003132, 140, 26877, 26877, 0.20517897605895996, 5.1673150062561035
50, -49.73086590319872, 2, 13.649715694999031, 103, 26980, 26980, 0.21047498285770416, 5.192049026489258
51, -11.232440182939172, 2, 4.59595316999912, 32, 27012, 27012, 0.20818784832954407, 5.285358905792236
52, -101.05900456383824, 2, 30.080423797997355, 232, 27244, 27244, 0.2029665857553482, 5.357351779937744
53, -19.279920790344477, 2, 6.501005472004181, 47, 27291, 27291, 0.20025677978992462, 5.440884590148926
54, -53.951051238924265, 2, 14.725857674995495, 111, 27402, 27402, 0.20071139931678772, 5.425060749053955
55, -18.164787504822016, 2, 6.385477249001269, 46, 27448, 27448, 0.20434607565402985, 5.483459949493408
56, -42.241858972236514, 2, 14.489377423997212, 110, 27558, 27558, 0.1920086145401001, 5.5914812088012695
57, -10.736963238567114, 2, 4.444608215999324, 31, 27589, 27589, 0.1981911063194275, 5.575078010559082
58, -19.0061744004488, 2, 11.607143886998529, 87, 27676, 27676, 0.20761072635650635, 5.630078315734863
59, -34.90047426521778, 2, 10.213033544998325, 76, 27752, 27752, 0.1933770626783371, 5.691877841949463
60, -9.452161184512079, 2, 4.451361605999409, 31, 27783, 27783, 0.19497205317020416, 5.752400875091553
61, -19.57598835416138, 2, 8.45743008700083, 62, 27845, 27845, 0.20519426465034485, 5.726224899291992
62, -57.751544665545225, 2, 23.988024958001915, 184, 28029, 28029, 0.1972421556711197, 5.864779472351074
63, -14.042893156409264, 4, 50.09281281900621, 389, 28418, 28418, 0.2182566523551941, 5.9633002281188965
64, -153.84706962294877, 2, 41.884867905006104, 324, 28742, 28742, 0.21321873366832733, 6.175726413726807
65, -53.402029406279325, 2, 14.516337253000529, 110, 28852, 28852, 0.21561960875988007, 6.227935791015625
66, -59.69540383853018, 2, 20.442049983001198, 156, 29008, 29008, 0.20624035596847534, 6.321969509124756
67, -51.105873335152864, 2, 14.065971055999398, 106, 29114, 29114, 0.2175516039133072, 6.418672561645508
68, -10.02091411780566, 2, 6.627244241004519, 48, 29162, 29162, 0.22602961957454681, 6.459043502807617
69, -6.467760271392763, 2, 5.099654473000555, 36, 29198, 29198, 0.23306162655353546, 6.5102009773254395
70, -83.18413136061281, 2, 24.40840949700214, 187, 29385, 29385, 0.22131404280662537, 6.497802257537842
71, -171.76273286622018, 2, 46.99554199499835, 364, 29749, 29749, 0.2205350697040558, 6.68101167678833
72, -19.285195745527744, 2, 6.527800707001006, 47, 29796, 29796, 0.2217269092798233, 6.757918834686279
73, -5.097042979672551, 2, 4.637596100001247, 32, 29828, 29828, 0.24045410752296448, 6.8395514488220215
74, -12.901502206921577, 2, 4.9582677880025585, 35, 29863, 29863, 0.2404615432024002, 6.80542516708374
75, -52.42538826819509, 2, 18.494676799004083, 141, 30004, 30004, 0.22889238595962524, 6.880843639373779
76, -4.542233180254698, 2, 4.350906115992984, 30, 30034, 30034, 0.23116932809352875, 7.037919998168945
77, -29.285863497294486, 2, 12.643928142999357, 95, 30129, 30129, 0.23179538547992706, 7.024713039398193
78, -11.207713078707457, 2, 4.595601383996836, 32, 30161, 30161, 0.23783566057682037, 6.98475980758667
79, -18.748017892241478, 2, 6.531951469005435, 47, 30208, 30208, 0.2343173325061798, 7.054173946380615
80, -157.30545136146247, 2, 41.9355552220004, 324, 30532, 30532, 0.22623853385448456, 7.113379955291748
81, -17.67233188636601, 2, 6.111920388000726, 44, 30576, 30576, 0.2164919227361679, 7.141397476196289
82, -11.155690722167492, 2, 4.592514570002095, 32, 30608, 30608, 0.2483888417482376, 7.194829940795898
83, -27.283099205233157, 2, 12.386012260001735, 92, 30700, 30700, 0.23231203854084015, 7.266903400421143
84, -11.229806941002607, 2, 4.620512692003103, 32, 30732, 30732, 0.2371675670146942, 7.325910568237305
85, -67.12961254268885, 2, 29.98779244600155, 229, 30961, 30961, 0.24511311948299408, 7.38104772567749
86, -25.78707455843687, 2, 8.107636703003664, 59, 31020, 31020, 0.2530045807361603, 7.486832141876221
87, -10.703361781314015, 2, 4.489389602997107, 31, 31051, 31051, 0.23717842996120453, 7.523608684539795
88, -24.303028792142868, 2, 9.292766874001245, 68, 31119, 31119, 0.23778460919857025, 7.550432205200195
89, -149.2854736931622, 4, 50.06816302000516, 385, 31504, 31504, 0.2401084005832672, 7.6734418869018555
90, -46.460223846137524, 2, 13.035454704993754, 97, 31601, 31601, 0.2406781166791916, 7.839780807495117
91, -26.416702810674906, 2, 11.086164307002036, 82, 31683, 31683, 0.25722748041152954, 7.834415912628174
92, -10.11370644532144, 2, 4.37789975200576, 30, 31713, 31713, 0.2505689561367035, 7.833961009979248
93, -13.925232475623488, 2, 5.298716212004365, 37, 31750, 31750, 0.22464540600776672, 7.894369602203369
94, -7.056979916058481, 2, 4.414728894997097, 30, 31780, 31780, 0.2249954342842102, 7.766425609588623
95, -12.306907750666142, 2, 4.912949589997879, 34, 31814, 31814, 0.2348441332578659, 7.949387550354004
96, -4.9435350289568305, 2, 6.045417610999721, 43, 31857, 31857, 0.24717485904693604, 7.910525321960449
97, -51.56219791993499, 2, 14.219468463998055, 106, 31963, 31963, 0.23889581859111786, 7.924780368804932
98, -12.298116348683834, 2, 4.892310950999672, 34, 31997, 31997, 0.23665355145931244, 8.010076522827148
99, -10.074703849852085, 2, 4.351558975999069, 30, 32027, 32027, 0.22818517684936523, 8.062551498413086
100, -4.630916399881244, 2, 6.3048724709951784, 45, 32072, 32072, 0.25032445788383484, 8.078914642333984
101, -63.31172088440508, 2, 25.382736259998637, 193, 32265, 32265, 0.24023708701133728, 8.166906356811523
102, -10.193148292601109, 2, 4.3782544000059715, 30, 32295, 32295, 0.28133535385131836, 8.19631576538086
103, -182.8583978768438, 4, 50.028392776002875, 386, 32681, 32681, 0.25708696246147156, 8.311466217041016
104, -59.14761722832918, 2, 23.264892416002112, 178, 32859, 32859, 0.25766825675964355, 8.402853965759277
105, -10.117400169372559, 2, 4.367310710003949, 30, 32889, 32889, 0.2790873646736145, 8.488687515258789
106, -16.03836691007018, 2, 5.785443689004751, 41, 32930, 32930, 0.25410932302474976, 8.565458297729492
107, -64.0869445791468, 2, 19.754898178005533, 151, 33081, 33081, 0.26971691846847534, 8.67829418182373
108, -10.810105632059276, 2, 8.677970678996644, 64, 33145, 33145, 0.25579312443733215, 8.673517227172852
109, -13.262401763349771, 2, 5.1287542969948845, 36, 33181, 33181, 0.28923022747039795, 8.659439086914062
110, -10.177630230784416, 2, 4.343994527996983, 30, 33211, 33211, 0.2834588885307312, 8.651693344116211
111, -18.285332506522536, 2, 6.241713793999224, 45, 33256, 33256, 0.26173216104507446, 8.796606063842773
112, -15.525390781462193, 2, 5.606039985999814, 40, 33296, 33296, 0.3060714304447174, 8.692933082580566
113, -19.40362459421158, 2, 6.516836028000398, 47, 33343, 33343, 0.2775503396987915, 8.798827171325684
114, -142.0445239348337, 4, 50.2358932979987, 389, 33732, 33732, 0.2698662281036377, 8.858661651611328
115, -30.67469008639455, 2, 9.203548384997703, 68, 33800, 33800, 0.253625750541687, 9.013297080993652
116, -10.108540415763855, 2, 4.34837486899778, 30, 33830, 33830, 0.2945319712162018, 9.029719352722168
117, -10.021523451432586, 2, 4.329400845002965, 30, 33860, 33860, 0.25229495763778687, 8.999357223510742
118, -42.749599871225655, 2, 16.121279193997907, 122, 33982, 33982, 0.27848517894744873, 9.056290626525879
119, -50.236163564026356, 2, 13.841997239003831, 104, 34086, 34086, 0.2759872078895569, 9.187314987182617
120, -174.855784278363, 2, 42.55183925299934, 328, 34414, 34414, 0.2858087122440338, 9.225756645202637
121, -13.766395598649979, 2, 7.543919499999902, 55, 34469, 34469, 0.27226683497428894, 9.275134086608887
122, -38.91509843431413, 2, 18.428052051000122, 140, 34609, 34609, 0.2811088562011719, 9.44121265411377
123, -31.480271626263857, 2, 16.005807934998302, 121, 34730, 34730, 0.27572908997535706, 9.409588813781738
124, -13.591165004298091, 2, 7.291585970997403, 53, 34783, 34783, 0.2776142656803131, 9.480340003967285
125, -19.24666617065668, 2, 6.67216927499976, 48, 34831, 34831, 0.2861655652523041, 9.460034370422363
126, -12.836968513205647, 2, 4.9991273490013555, 35, 34866, 34866, 0.2679140269756317, 9.533490180969238
127, -27.000155176967382, 2, 8.318986928999948, 61, 34927, 34927, 0.27737635374069214, 9.487855911254883
128, -17.943603151477873, 2, 10.866193742003816, 81, 35008, 35008, 0.3049503266811371, 9.67251205444336
129, -10.211298573762178, 2, 4.343103027997131, 30, 35038, 35038, 0.259067565202713, 9.60142993927002
130, -9.060435972176492, 2, 5.9721502649990725, 43, 35081, 35081, 0.2947538197040558, 9.66011905670166
131, -164.32416713330895, 4, 49.51162688500335, 383, 35464, 35464, 0.2901080846786499, 9.689693450927734
132, -83.37467699218541, 2, 30.35963782500039, 233, 35697, 35697, 0.30122190713882446, 9.863039016723633
133, -10.083265587687492, 2, 4.339530906996515, 30, 35727, 35727, 0.3258495628833771, 10.10118579864502
134, -140.6282038129866, 2, 42.48077753800317, 328, 36055, 36055, 0.30227041244506836, 10.046853065490723
135, -25.34545509517193, 2, 10.365031319000991, 77, 36132, 36132, 0.3024701178073883, 9.991739273071289
136, -177.48081067297608, 4, 50.39742637400195, 390, 36522, 36522, 0.3052091598510742, 10.26467514038086
137, -10.361221013590693, 2, 6.319869970000582, 45, 36567, 36567, 0.36323750019073486, 10.356743812561035
138, -34.55993822403252, 2, 15.468440734999604, 116, 36683, 36683, 0.3174714744091034, 10.403810501098633
139, -191.38827292621136, 4, 50.02813583199895, 383, 37066, 37066, 0.3086014688014984, 10.501466751098633
140, -175.00718447566032, 4, 49.722404435997305, 381, 37447, 37447, 0.3239445090293884, 10.709875106811523
141, -33.0032174969092, 2, 14.398607710994838, 108, 37555, 37555, 0.31891733407974243, 10.847002983093262
142, -11.731083124876022, 2, 4.787698731001001, 33, 37588, 37588, 0.2817738950252533, 10.89957332611084
143, -177.63889677636325, 4, 49.536677848002, 379, 37967, 37967, 0.3141421377658844, 10.976324081420898
144, -80.82165303174406, 2, 30.338983991998248, 231, 38198, 38198, 0.33495545387268066, 11.095453262329102
145, -10.200857253745198, 2, 4.424871840004926, 30, 38228, 38228, 0.33624565601348877, 11.28111743927002
146, -144.10996425990015, 4, 50.085814776000916, 384, 38612, 38612, 0.32019898295402527, 11.34371566772461
147, -144.19936288893223, 4, 49.67890909400012, 384, 38996, 38996, 0.3299589455127716, 11.507439613342285
148, -31.89466237090528, 2, 9.868816925001738, 73, 39069, 39069, 0.33837708830833435, 11.56875228881836
149, -10.133499845862389, 2, 4.32891020399984, 30, 39099, 39099, 0.346095472574234, 11.50292682647705
150, -179.1536517329514, 4, 49.48620931500045, 383, 39482, 39482, 0.3413352966308594, 11.716054916381836
151, -53.44302156288177, 2, 17.29650770599983, 131, 39613, 39613, 0.34460264444351196, 11.850765228271484
152, -47.43362436071038, 2, 13.208522173001256, 99, 39712, 39712, 0.35194897651672363, 11.873879432678223
153, -19.732912980020046, 2, 6.672220849999576, 48, 39760, 39760, 0.32462403178215027, 11.97995376586914
154, -193.24211317673326, 4, 50.20025574499596, 388, 40148, 40148, 0.34341171383857727, 12.10759449005127
155, -183.23090327251703, 2, 47.38689078700554, 365, 40513, 40513, 0.35557132959365845, 12.298163414001465
156, -106.24481541290879, 2, 31.915223825002613, 245, 40758, 40758, 0.3440435528755188, 12.461767196655273
157, -6.056712966412306, 2, 5.242791602999205, 37, 40795, 40795, 0.33846694231033325, 12.420547485351562
158, -10.177018232643604, 2, 4.389369503995113, 30, 40825, 40825, 0.3940380811691284, 12.447020530700684
159, -129.7505940841511, 4, 50.097147247994144, 387, 41212, 41212, 0.36265355348587036, 12.607815742492676
160, -22.99237446859479, 2, 7.384295310002926, 54, 41266, 41266, 0.36869511008262634, 12.714061737060547
161, -9.171282712370157, 5, 4.354818191997765, 30, 41296, 41296, 0.36632391810417175, 12.686187744140625
162, -158.0825924454257, 4, 49.95000523699855, 386, 41682, 41682, 0.3663352131843567, 12.881429672241211
163, -6.063082989305258, 2, 4.96880305299419, 35, 41717, 41717, 0.3864390552043915, 12.94941520690918
164, -7.720531796105206, 2, 5.623486431999481, 40, 41757, 41757, 0.33038070797920227, 13.020177841186523
165, -32.7336450079456, 2, 10.142757400004484, 75, 41832, 41832, 0.3724638521671295, 12.979561805725098
166, -10.126232136040926, 2, 4.352394989000459, 30, 41862, 41862, 0.3570529520511627, 13.045916557312012
167, -10.276569668203592, 2, 4.369274486001814, 30, 41892, 41892, 0.3785991072654724, 13.159758567810059
168, -21.638054851442575, 2, 7.797700388000521, 57, 41949, 41949, 0.38905060291290283, 13.022546768188477
169, -43.89358704350889, 2, 19.06531718900078, 145, 42094, 42094, 0.3758884370326996, 13.141989707946777
170, -10.190608356148005, 2, 4.367964528995799, 30, 42124, 42124, 0.4000493884086609, 13.150257110595703
171, -4.87433385848999, 2, 4.637654345002375, 32, 42156, 42156, 0.35069289803504944, 13.272626876831055
172, -52.64935352373868, 2, 21.988137376996747, 168, 42324, 42324, 0.400634765625, 13.203761100769043
173, -13.912391815334558, 2, 5.240737330001139, 37, 42361, 42361, 0.41010308265686035, 13.198138236999512
174, -51.3869665293023, 2, 26.996801702000084, 207, 42568, 42568, 0.3942757248878479, 13.356484413146973
175, -10.442387883551419, 2, 7.074644378000812, 51, 42619, 42619, 0.3867459297180176, 13.33301830291748
176, -15.789886469952762, 2, 7.921816816000501, 58, 42677, 42677, 0.41106370091438293, 13.23267650604248
177, -10.181780382990837, 2, 4.352993761996913, 30, 42707, 42707, 0.4028426706790924, 13.55441951751709
178, -160.16763698961586, 4, 49.96397710000019, 386, 43093, 43093, 0.3982628583908081, 13.488032341003418
179, -26.563323403708637, 2, 9.629877290004515, 71, 43164, 43164, 0.3901483714580536, 13.601552963256836
180, -10.104776989668608, 2, 4.3384676089990535, 30, 43194, 43194, 0.3802579343318939, 13.660558700561523
181, -32.323060078546405, 2, 9.588204845000291, 71, 43265, 43265, 0.4006131887435913, 13.638930320739746
182, -10.1649103872478, 2, 4.323260553006548, 30, 43295, 43295, 0.42366915941238403, 13.831369400024414
183, -18.813959922641516, 2, 6.4237599879998015, 46, 43341, 43341, 0.3631170988082886, 13.696529388427734
184, -11.229966957122087, 2, 4.597271831000398, 32, 43373, 43373, 0.4066167175769806, 13.729036331176758
185, -181.91854350920767, 4, 50.051749359001406, 386, 43759, 43759, 0.39703842997550964, 13.845129013061523
186, -60.85674018692225, 2, 23.045358879993728, 176, 43935, 43935, 0.4232120215892792, 13.920862197875977
187, -82.9988240916282, 2, 37.34908079500019, 287, 44222, 44222, 0.40179505944252014, 14.090815544128418
188, -28.093736088834703, 2, 9.919122027997219, 73, 44295, 44295, 0.39423611760139465, 14.093596458435059
189, -10.083951633423567, 2, 4.36068792000151, 30, 44325, 44325, 0.47301003336906433, 14.117471694946289
190, -8.925521072931588, 2, 5.922893392002152, 42, 44367, 44367, 0.4193567931652069, 14.153038024902344
191, -12.31912500783801, 2, 4.895585043996107, 34, 44401, 44401, 0.40769490599632263, 14.173500061035156
192, -17.203872455284, 2, 6.016340242997103, 43, 44444, 44444, 0.4262332618236542, 14.253458023071289
193, -10.1630166657269, 2, 4.367158389002725, 30, 44474, 44474, 0.41050055623054504, 14.169541358947754
194, -16.692040177062154, 2, 11.324553631995514, 84, 44558, 44558, 0.4213230609893799, 14.27258014678955
195, -26.293294053524733, 2, 8.219237655001052, 60, 44618, 44618, 0.4065686762332916, 14.24267578125
196, -33.38664374873042, 2, 9.876227978005772, 73, 44691, 44691, 0.4005325138568878, 14.307197570800781
197, -10.0921039134264, 2, 4.368032719998155, 30, 44721, 44721, 0.43593165278434753, 14.140108108520508
198, -107.54798985365778, 2, 34.91795409999759, 268, 44989, 44989, 0.43727216124534607, 14.43359661102295
199, -9.048653922975063, 2, 6.092509164001967, 43, 45032, 45032, 0.40288180112838745, 14.235128402709961
200, -23.155674129724503, 2, 7.547143085001153, 55, 45087, 45087, 0.42904749512672424, 14.465124130249023
201, -5.461896072141826, 2, 4.751006527003483, 33, 45120, 45120, 0.42728888988494873, 14.490680694580078
202, -52.80710447859019, 2, 23.96606387400243, 183, 45303, 45303, 0.4242689609527588, 14.521976470947266
203, -14.377824854105711, 2, 5.38398099099868, 38, 45341, 45341, 0.44229909777641296, 14.552967071533203
204, -206.4847266227007, 4, 50.4004246580007, 389, 45730, 45730, 0.4367233216762543, 14.718535423278809
205, -47.057655384764075, 2, 23.338518436001323, 178, 45908, 45908, 0.4487226605415344, 14.830443382263184
206, -130.94656827766448, 4, 50.009053708003194, 386, 46294, 46294, 0.4524407982826233, 15.01501178741455
207, -5.613619865849614, 2, 6.267211037004017, 45, 46339, 46339, 0.4594475328922272, 15.113239288330078
208, -56.735752516426146, 4, 50.042583157999616, 384, 46723, 46723, 0.4443906843662262, 15.151978492736816
209, -55.42534098401666, 2, 15.253920552000636, 114, 46837, 46837, 0.4673789441585541, 15.263311386108398
210, -11.177216343581676, 2, 4.634338576004666, 32, 46869, 46869, 0.46234309673309326, 15.375176429748535
211, -34.05098777730018, 2, 20.20211451799696, 152, 47021, 47021, 0.44677457213401794, 15.31569766998291
212, -168.57930661272258, 4, 50.49264403399866, 385, 47406, 47406, 0.45817670226097107, 15.418953895568848
213, -39.34516934398562, 2, 13.345444870996289, 99, 47505, 47505, 0.4431198239326477, 15.572259902954102
214, -166.87051127199084, 4, 50.02390602399828, 381, 47886, 47886, 0.4495510756969452, 15.657842636108398
215, -26.71609840914607, 2, 8.37867613400158, 61, 47947, 47947, 0.48305743932724, 15.7985258102417
216, -11.175900846719742, 2, 5.5930948149980395, 39, 47986, 47986, 0.49703946709632874, 15.61660385131836
217, -16.75551189109683, 2, 8.81230279799638, 64, 48050, 48050, 0.45843759179115295, 15.669441223144531
218, -59.26802062988281, 4, 49.63774409799953, 379, 48429, 48429, 0.4676491916179657, 15.848045349121094
219, -190.79505160078406, 4, 49.88820143799967, 380, 48809, 48809, 0.44251784682273865, 16.089502334594727
220, -190.16701096575707, 4, 49.66402246700454, 378, 49187, 49187, 0.4697803258895874, 16.21053123474121
221, -15.262564873322845, 2, 7.723545275999641, 56, 49243, 49243, 0.4610941708087921, 16.2413272857666
222, -10.097614388912916, 2, 4.429439542000182, 30, 49273, 49273, 0.5150482654571533, 16.27692413330078
223, -8.075910304673016, 2, 6.6090270089989644, 47, 49320, 49320, 0.47567594051361084, 16.376100540161133
224, -6.692362817935646, 2, 5.309215077999397, 37, 49357, 49357, 0.45895639061927795, 16.359844207763672
225, -20.831589804962277, 2, 6.985650723996514, 50, 49407, 49407, 0.4895802438259125, 16.359865188598633
226, -6.422762527130544, 2, 4.7464894109944, 33, 49440, 49440, 0.4613493084907532, 16.421449661254883
227, -10.59210485778749, 2, 4.509588653003448, 31, 49471, 49471, 0.45219358801841736, 16.39873695373535
228, -10.108695980161428, 2, 4.380896496004425, 30, 49501, 49501, 0.5241183638572693, 16.34990882873535
229, -7.7667315527796745, 2, 5.192192429996794, 36, 49537, 49537, 0.47189125418663025, 16.551122665405273
230, -181.71067693829536, 4, 49.84469139499561, 382, 49919, 49919, 0.4776424467563629, 16.53652572631836
231, -13.257182400673628, 2, 7.864705288004188, 57, 49976, 49976, 0.49238309264183044, 16.65729331970215
232, -193.691150739789, 4, 50.47674413700588, 388, 50364, 50364, 0.4740985333919525, 16.736665725708008
233, -17.55079187825322, 2, 6.232127019997279, 44, 50408, 50408, 0.4634517431259155, 16.85688018798828
234, -180.37934570014477, 4, 50.12105973500002, 385, 50793, 50793, 0.49298080801963806, 16.916105270385742
235, -165.09651484899223, 4, 49.7154296249937, 380, 51173, 51173, 0.4887911379337311, 17.071388244628906
236, -67.67849741503596, 2, 18.06904270400264, 136, 51309, 51309, 0.5121120810508728, 17.065183639526367
237, -8.640514550730586, 2, 5.91345280999667, 42, 51351, 51351, 0.5234358906745911, 17.06766128540039
238, -154.1315108379349, 2, 49.59027416600293, 380, 51731, 51731, 0.49970826506614685, 17.247343063354492
239, -150.48715353012085, 4, 50.2052654240033, 384, 52115, 52115, 0.5122970938682556, 17.41073989868164
240, -35.368738871999085, 2, 17.186590442004672, 129, 52244, 52244, 0.5477975606918335, 17.545785903930664
241, -9.88642830774188, 2, 5.556686191994231, 39, 52283, 52283, 0.5365462899208069, 17.62845802307129
242, -6.3398334719240665, 2, 5.305192818996147, 37, 52320, 52320, 0.5076126456260681, 17.545562744140625
243, -11.651481440290809, 2, 4.745877057997859, 33, 52353, 52353, 0.5088847279548645, 17.698854446411133
244, -9.144806010648608, 2, 6.061031639001158, 43, 52396, 52396, 0.5620934963226318, 17.543468475341797
245, -6.820234431885183, 2, 5.466774148000695, 38, 52434, 52434, 0.48044687509536743, 17.519498825073242
246, -6.33894910197705, 2, 5.029958079998323, 35, 52469, 52469, 0.5555158257484436, 17.4136962890625
247, -8.696581883355975, 2, 7.367420841001149, 53, 52522, 52522, 0.5311970114707947, 17.581573486328125
248, -15.665817487053573, 2, 7.98342746700655, 58, 52580, 52580, 0.5438420176506042, 17.577775955200195
249, -10.353422965854406, 2, 6.579395833003218, 47, 52627, 52627, 0.5480889678001404, 17.581628799438477
250, -21.382234375923872, 2, 7.114083402004326, 51, 52678, 52678, 0.4990234076976776, 17.716527938842773
251, -45.11740733496845, 2, 34.97963422199973, 267, 52945, 52945, 0.5356646776199341, 17.77200698852539
252, -99.23732171393931, 2, 30.424253247998422, 231, 53176, 53176, 0.5406319499015808, 17.833593368530273
253, -5.057166203856468, 2, 6.08244362899859, 43, 53219, 53219, 0.5375222563743591, 17.84592056274414
254, -203.01448411867023, 4, 50.06391294700006, 383, 53602, 53602, 0.5292534232139587, 17.966644287109375
255, -34.90053119137883, 2, 12.611920628994994, 94, 53696, 53696, 0.5418471693992615, 18.165422439575195
256, -110.64308924227953, 2, 28.350948954997875, 215, 53911, 53911, 0.5604798197746277, 18.170549392700195
257, -5.403451022692025, 2, 4.754787041005329, 33, 53944, 53944, 0.5618149638175964, 18.261444091796875
258, -9.487651550211012, 2, 7.881462266996095, 57, 54001, 54001, 0.5471200942993164, 18.22779655456543
259, -10.14757752045989, 2, 4.4358960169993225, 30, 54031, 54031, 0.5196626782417297, 17.964275360107422
260, -25.74089376721531, 2, 9.558526229004201, 70, 54101, 54101, 0.5221642255783081, 18.224937438964844
261, -14.432411537505686, 2, 7.086166292996495, 51, 54152, 54152, 0.5287244319915771, 18.40411949157715
262, -39.37182858027518, 2, 17.502296637001564, 131, 54283, 54283, 0.5269138216972351, 18.406620025634766
263, -147.5476718051359, 2, 45.97610461399745, 351, 54634, 54634, 0.5434504151344299, 18.43772315979004
264, -189.84157765563577, 4, 49.97304560699558, 382, 55016, 55016, 0.5650522708892822, 18.5429630279541
265, -51.393116641789675, 2, 14.456667682999978, 108, 55124, 55124, 0.5225181579589844, 18.530179977416992
266, -26.276461455971003, 2, 8.267285642999923, 60, 55184, 55184, 0.5801680684089661, 18.575408935546875
267, -3.9990218868479133, 2, 5.18560255200282, 36, 55220, 55220, 0.5858227014541626, 18.7467098236084
268, -6.6692552305758, 2, 5.302188668996678, 37, 55257, 55257, 0.5527264475822449, 18.788759231567383
269, -10.41866086050868, 2, 4.379323788001784, 30, 55287, 55287, 0.5819501876831055, 18.708751678466797
270, -10.590943358838558, 2, 4.406113630000618, 30, 55317, 55317, 0.5829848051071167, 18.854930877685547
271, -8.543982529081404, 2, 5.686254337000719, 40, 55357, 55357, 0.605597734451294, 18.635223388671875
272, -19.73871847614646, 2, 6.764737379002327, 48, 55405, 55405, 0.5848174095153809, 18.778841018676758
273, -173.57900024298579, 4, 49.8477932800015, 381, 55786, 55786, 0.57289057970047, 18.828466415405273
274, -24.18488357961178, 2, 7.8669315239967545, 57, 55843, 55843, 0.6165429949760437, 18.832561492919922
275, -19.700341602787375, 2, 12.084513385998434, 89, 55932, 55932, 0.6088861227035522, 18.8691349029541
276, -146.91106985509396, 4, 50.209057473999565, 385, 56317, 56317, 0.5500127077102661, 19.019702911376953
277, -169.06774470116943, 2, 45.00067925699841, 344, 56661, 56661, 0.5829513669013977, 19.166397094726562
278, -39.212476941756904, 4, 50.535686360999534, 386, 57047, 57047, 0.569364607334137, 19.362850189208984
279, -30.17585475742817, 2, 9.228111757998704, 67, 57114, 57114, 0.5636663436889648, 19.50978660583496
280, -199.7541954368353, 4, 50.22235430999717, 383, 57497, 57497, 0.5918317437171936, 19.4161319732666
281, -22.692930890247226, 4, 49.74511779900058, 380, 57877, 57877, 0.5759705305099487, 19.56729507446289
282, -25.478021608665586, 2, 11.895495952994679, 88, 57965, 57965, 0.5926198363304138, 19.646970748901367
283, -48.89509826898575, 2, 13.752568912001152, 102, 58067, 58067, 0.5799616575241089, 19.74776268005371
284, -6.121996295638382, 2, 8.479152129002614, 61, 58128, 58128, 0.5798428654670715, 19.718618392944336
285, -32.34355347417295, 2, 9.687266387001728, 71, 58199, 58199, 0.5835805535316467, 19.739627838134766
286, -27.28660277929157, 2, 12.414943011004652, 91, 58290, 58290, 0.582343578338623, 19.845611572265625
287, -11.78342455998063, 2, 4.840334704997076, 33, 58323, 58323, 0.5848152041435242, 19.87784194946289
288, -98.78688468970358, 2, 29.816180736001115, 226, 58549, 58549, 0.6022667288780212, 19.900981903076172
289, -15.555564057081938, 2, 5.6826971499976935, 40, 58589, 58589, 0.5667892098426819, 19.94317626953125
290, -22.88201116397977, 2, 7.480419951003569, 54, 58643, 58643, 0.6337077021598816, 19.882986068725586
291, -30.73842292558402, 2, 10.213966591996723, 75, 58718, 58718, 0.6289674639701843, 20.06348419189453
292, -32.06591874733567, 2, 12.38960780799971, 92, 58810, 58810, 0.6169033050537109, 20.01610565185547
293, -16.471761643886566, 2, 5.964823255999363, 42, 58852, 58852, 0.6060282588005066, 19.980459213256836
294, -4.750778564251959, 2, 6.594985898998857, 47, 58899, 58899, 0.6121901869773865, 20.079532623291016
295, -51.74428940191865, 2, 14.32139744599408, 107, 59006, 59006, 0.5996047854423523, 20.137601852416992
296, -189.19954518787563, 4, 49.75116832599451, 381, 59387, 59387, 0.5991894006729126, 20.155466079711914
297, -7.176800929009914, 2, 4.391705522997654, 30, 59417, 59417, 0.6106517910957336, 20.12847900390625
298, -5.179591407068074, 2, 4.648457883005904, 32, 59449, 59449, 0.6088737845420837, 20.20479965209961
299, -9.162365026772022, 2, 4.68138796799758, 32, 59481, 59481, 0.5504016280174255, 20.307777404785156
300, -10.173951849341393, 2, 4.370597617002204, 30, 59511, 59511, 0.5227736830711365, 20.182409286499023
301, -10.74056763574481, 2, 4.403241758001968, 30, 59541, 59541, 0.695486843585968, 20.27173614501953
302, -10.669015027582645, 2, 4.420750210003462, 30, 59571, 59571, 0.5732797980308533, 20.18585205078125
303, -3.193640483543277, 2, 4.393496454002161, 30, 59601, 59601, 0.6034227609634399, 20.361440658569336
304, -6.631464245729148, 2, 5.195405345999461, 36, 59637, 59637, 0.5539308786392212, 20.34122085571289
305, -28.516891706734896, 2, 11.17773467599909, 82, 59719, 59719, 0.5985397100448608, 20.174531936645508
306, -17.83797922357917, 2, 11.792797674999747, 87, 59806, 59806, 0.6202002167701721, 20.27252769470215
307, -28.196569744497538, 2, 12.979846854999778, 96, 59902, 59902, 0.6060728430747986, 20.310890197753906
308, -13.918108358047903, 2, 6.981792334001511, 50, 59952, 59952, 0.6116713881492615, 20.209470748901367
309, -200.93479203432798, 4, 50.27025606899406, 384, 60336, 60336, 0.638580858707428, 20.48918342590332
310, -28.07419123966247, 2, 10.191226675997314, 75, 60411, 60411, 0.6076197624206543, 20.66025733947754
311, -173.20175619609654, 4, 50.12450301199715, 383, 60794, 60794, 0.6365338563919067, 20.602937698364258
312, -54.18850621022284, 2, 17.545711125996604, 131, 60925, 60925, 0.6308344602584839, 20.69463348388672
313, -9.914986784569919, 2, 5.728152399002283, 40, 60965, 60965, 0.65546715259552, 20.797292709350586
314, -10.205972992815077, 2, 5.465809651999734, 38, 61003, 61003, 0.6791963577270508, 20.644634246826172
315, -5.464445581659675, 2, 7.921243960001448, 57, 61060, 61060, 0.6621838808059692, 20.809551239013672
316, -188.26015675161034, 4, 49.61604345399974, 379, 61439, 61439, 0.6447713971138, 20.83905601501465
317, -88.62916491553187, 2, 23.934606572998746, 180, 61619, 61619, 0.682063102722168, 20.888940811157227
318, -10.069408886134624, 2, 4.3819372310026665, 30, 61649, 61649, 0.7023624181747437, 20.98894691467285
319, -21.518856335431337, 2, 7.145980599998438, 51, 61700, 61700, 0.6442785263061523, 20.899763107299805
320, -6.455771369859576, 2, 5.060359167997376, 35, 61735, 61735, 0.6367146968841553, 20.877927780151367
321, -162.44596019294113, 4, 49.766400004999014, 379, 62114, 62114, 0.6660351157188416, 21.08974266052246
322, -13.807523623108864, 2, 5.310249407004449, 37, 62151, 62151, 0.6370598077774048, 21.15460205078125
323, -12.678655551746488, 2, 5.048082370994962, 35, 62186, 62186, 0.6728867888450623, 20.999439239501953
324, -6.597118495963514, 2, 5.721888186999422, 40, 62226, 62226, 0.6611106991767883, 21.16826820373535
325, -8.170246238820255, 2, 6.7982618030000594, 48, 62274, 62274, 0.6203844547271729, 21.180139541625977
326, -38.4848759137094, 2, 18.928422488999786, 142, 62416, 62416, 0.7006170153617859, 21.119911193847656
327, -198.61665911227465, 4, 49.86073832600232, 380, 62796, 62796, 0.6740560531616211, 21.239072799682617
328, -24.85260014887899, 2, 8.424778986001911, 61, 62857, 62857, 0.6727722883224487, 21.179401397705078
329, -71.27962283790112, 2, 22.11875893099932, 166, 63023, 63023, 0.6399500966072083, 21.376230239868164
330, -28.078247101046145, 2, 10.363382659001218, 76, 63099, 63099, 0.6760469079017639, 21.38311767578125
331, -10.04426333680749, 2, 4.44680777600297, 30, 63129, 63129, 0.5967156291007996, 21.370567321777344
332, -7.514401074498892, 2, 4.408644734001427, 30, 63159, 63159, 0.7696315050125122, 21.501007080078125
333, -11.771963835693896, 2, 5.210541647000355, 36, 63195, 63195, 0.6998630166053772, 21.573932647705078
334, -38.62422313913703, 2, 11.313997575998656, 83, 63278, 63278, 0.7488893866539001, 21.617145538330078
335, -13.747972222045064, 2, 5.2968759540017345, 37, 63315, 63315, 0.7620717287063599, 21.401458740234375
336, -10.019577946513891, 2, 4.410707308998099, 30, 63345, 63345, 0.7219778299331665, 21.586833953857422
337, -49.82583195716143, 2, 14.067394883000816, 104, 63449, 63449, 0.6732152104377747, 21.51495361328125
338, -86.11687599029392, 2, 40.311031154000375, 306, 63755, 63755, 0.6909077167510986, 21.641674041748047
339, -181.74135836958885, 4, 50.25102748199424, 383, 64138, 64138, 0.6858728528022766, 21.704259872436523
340, -138.34297014400363, 2, 38.276340168995375, 291, 64429, 64429, 0.6905614137649536, 21.777057647705078
341, -7.858332480303943, 2, 5.823135570004524, 41, 64470, 64470, 0.7409430742263794, 21.798463821411133
342, -10.172165270894766, 2, 4.439524669003731, 30, 64500, 64500, 0.7684771418571472, 21.91015625
343, -17.98295504786074, 2, 8.421248147002188, 61, 64561, 64561, 0.798980176448822, 21.77876853942871
344, -25.476819902658463, 2, 8.033520854995004, 58, 64619, 64619, 0.716665506362915, 21.73097038269043
345, -4.98182503785938, 2, 5.6004302779983846, 39, 64658, 64658, 0.7286675572395325, 21.879411697387695
346, -37.558479042723775, 2, 12.849463184997148, 95, 64753, 64753, 0.6675263047218323, 21.993112564086914
347, -33.687553035095334, 2, 11.981119537995255, 88, 64841, 64841, 0.7075867056846619, 21.936723709106445
348, -10.07879539206624, 2, 4.412245873005304, 30, 64871, 64871, 0.6625809073448181, 22.00335121154785
349, -31.202275388874114, 2, 11.14295267900161, 82, 64953, 64953, 0.7027285695075989, 21.971540451049805
350, -107.8403593422845, 4, 49.859197475001565, 380, 65333, 65333, 0.7223213315010071, 22.054182052612305
351, -6.369405873585492, 2, 5.331756758001575, 37, 65370, 65370, 0.7349978089332581, 22.079931259155273
352, -7.430131989531219, 2, 5.5721855820011115, 39, 65409, 65409, 0.7754263281822205, 22.027454376220703
353, -10.580571006983519, 2, 5.192483213002561, 36, 65445, 65445, 0.7373195290565491, 22.10985565185547
354, -13.39270494505763, 2, 5.203677689001779, 36, 65481, 65481, 0.6933104991912842, 22.17291831970215
355, -5.577799402177334, 2, 4.669757629002561, 32, 65513, 65513, 0.6588442921638489, 22.43395233154297
356, -7.975055077113211, 2, 4.892784707000828, 34, 65547, 65547, 0.6895241737365723, 22.189311981201172
357, -10.084970910102129, 2, 4.431098145003489, 30, 65577, 65577, 0.7225707173347473, 22.24846649169922
358, -10.120330765843391, 2, 8.562371485000767, 62, 65639, 65639, 0.7525273561477661, 22.25578498840332
359, -138.00245775375515, 2, 46.01471012899856, 350, 65989, 65989, 0.7284398078918457, 22.354703903198242
360, -10.056139070540667, 2, 4.440946556998824, 30, 66019, 66019, 0.6765322089195251, 22.371742248535156
361, -5.781638867221773, 2, 4.951085022999905, 34, 66053, 66053, 0.7324623465538025, 22.233064651489258
362, -10.126565838232636, 2, 4.406097220002266, 30, 66083, 66083, 0.7520161867141724, 22.544170379638672
363, -13.756339624524117, 2, 5.369938235999143, 37, 66120, 66120, 0.7221616506576538, 22.273534774780273
364, -91.16139809042215, 4, 49.70761737199791, 378, 66498, 66498, 0.7152832746505737, 22.390239715576172
365, -11.740185011178255, 2, 7.074085337000724, 50, 66548, 66548, 0.7419338822364807, 22.273021697998047
366, -10.20487553998828, 2, 4.414033892004227, 30, 66578, 66578, 0.7078844308853149, 22.62531089782715
367, -10.671650219708681, 2, 4.549799882006482, 31, 66609, 66609, 0.7601668834686279, 22.47802734375
368, -7.125301132909954, 2, 5.682291008997709, 40, 66649, 66649, 0.7422786951065063, 22.365144729614258
369, -9.418362365104258, 2, 5.710044992003532, 40, 66689, 66689, 0.7424055933952332, 22.492067337036133
370, -8.611676319502294, 2, 5.969852627000364, 42, 66731, 66731, 0.7207639217376709, 22.38057518005371
371, -4.786087640561163, 2, 4.6444537739953375, 32, 66763, 66763, 0.7053267955780029, 22.49734115600586
372, -10.217746682465076, 2, 4.418883352998819, 30, 66793, 66793, 0.7488967776298523, 22.460432052612305
373, -10.127160973846912, 2, 4.403091751002648, 30, 66823, 66823, 0.7049134969711304, 22.221281051635742
374, -95.46954013686627, 2, 32.47290000400244, 245, 67068, 67068, 0.7476919293403625, 22.405567169189453
375, -15.908685494214296, 2, 5.817161512000894, 41, 67109, 67109, 0.7895669937133789, 22.399354934692383
376, -6.1838038405403495, 2, 4.426967074999993, 30, 67139, 67139, 0.6947916150093079, 22.835330963134766
377, -18.13902245927602, 2, 7.03423514199676, 50, 67189, 67189, 0.722968578338623, 22.481626510620117
378, -6.518177418038249, 2, 6.764098855004704, 48, 67237, 67237, 0.7544341683387756, 22.649703979492188
379, -179.5639013266191, 4, 49.8295420880022, 379, 67616, 67616, 0.7666187882423401, 22.63291358947754
380, -31.386091861873865, 2, 9.486446695998893, 69, 67685, 67685, 0.768606424331665, 22.835588455200195
381, -8.640602210070938, 2, 5.972259756999847, 42, 67727, 67727, 0.7483223676681519, 22.829776763916016
382, -19.022959616966546, 2, 27.16525236400048, 205, 67932, 67932, 0.7486098408699036, 22.792926788330078
383, -16.670842349529266, 2, 5.9620756469958, 42, 67974, 67974, 0.7828208208084106, 22.702999114990234
384, -12.152027681469917, 2, 4.957038073000149, 34, 68008, 68008, 0.7619709372520447, 22.87610626220703
385, -14.981492998078465, 2, 5.587809190998087, 39, 68047, 68047, 0.7780875563621521, 22.688068389892578
386, -28.423344339244068, 2, 16.005547505999857, 119, 68166, 68166, 0.7958133220672607, 22.831764221191406
387, -14.032361737452447, 2, 6.092969075005385, 43, 68209, 68209, 0.7714442014694214, 22.7855281829834
388, -11.182023759931326, 2, 4.688381343999936, 32, 68241, 68241, 0.7375060319900513, 22.94841766357422
389, -21.679464066401124, 2, 8.22548930299672, 59, 68300, 68300, 0.7991746664047241, 22.983570098876953
390, -16.455389335751534, 2, 5.941621532998397, 42, 68342, 68342, 0.7340251207351685, 22.746458053588867
391, -12.226983760483563, 2, 5.308627775993955, 37, 68379, 68379, 0.7837762832641602, 22.843914031982422
392, -8.49070294573903, 2, 4.976884468000208, 34, 68413, 68413, 0.8134111762046814, 22.918912887573242
393, -9.01674042828381, 2, 6.0020951030019205, 42, 68455, 68455, 0.7377737760543823, 22.921541213989258
394, -10.234956216067076, 2, 4.43394205399818, 30, 68485, 68485, 0.7682419419288635, 23.1015682220459
395, -8.433923527598381, 2, 4.989184901998669, 34, 68519, 68519, 0.8206828832626343, 22.861940383911133
396, -10.317823588848114, 2, 4.424042251994251, 30, 68549, 68549, 0.7460492253303528, 22.865774154663086
397, -11.586102239787579, 2, 4.825027081998996, 33, 68582, 68582, 0.8369898796081543, 22.958545684814453
398, -25.42510944418609, 2, 10.405479994995403, 76, 68658, 68658, 0.7968207001686096, 22.823881149291992
399, -68.38331765960902, 2, 28.05203775299742, 212, 68870, 68870, 0.791872501373291, 23.04826545715332
400, -13.83379926532507, 2, 5.3248718440008815, 37, 68907, 68907, 0.8152524828910828, 23.014829635620117
401, -50.74146392941475, 2, 14.298171547998209, 105, 69012, 69012, 0.78908771276474, 23.033777236938477
402, -10.264407329261303, 2, 4.435110924001492, 30, 69042, 69042, 0.8005539774894714, 22.952796936035156
403, -10.087318636476994, 2, 4.427351584999997, 30, 69072, 69072, 0.7533701658248901, 23.122730255126953
404, -170.24063736572862, 4, 50.384157236003375, 383, 69455, 69455, 0.799739420413971, 23.06426239013672
405, -176.2141529256478, 4, 50.08813378599734, 381, 69836, 69836, 0.8194547891616821, 23.138702392578125
406, -30.60885864123702, 2, 9.416398617002415, 68, 69904, 69904, 0.7612912654876709, 23.316484451293945
407, -17.86081242095679, 2, 8.616040261003945, 62, 69966, 69966, 0.7716044187545776, 23.305519104003906
408, -8.947483459487557, 2, 5.847847570999875, 41, 70007, 70007, 0.9390738606452942, 23.427907943725586
409, -80.42199953086674, 4, 49.89960063000035, 380, 70387, 70387, 0.8169507384300232, 23.38125991821289
410, -33.08173068892211, 2, 13.616390299997875, 100, 70487, 70487, 0.843800961971283, 23.334474563598633
411, -45.11778827756643, 2, 14.656139208003879, 108, 70595, 70595, 0.7926568388938904, 23.659658432006836
412, -11.145475787110627, 2, 5.117619419004768, 35, 70630, 70630, 0.764900267124176, 23.48208999633789
413, -14.274863079190254, 2, 5.74146135400224, 40, 70670, 70670, 0.797248125076294, 23.51898193359375
414, -4.537844544276595, 2, 4.4101781619974645, 30, 70700, 70700, 0.8141109347343445, 23.644542694091797
415, -17.536620192229748, 2, 6.275148940003419, 44, 70744, 70744, 0.8495969176292419, 23.640825271606445
416, -80.3919059112668, 2, 24.376411400000507, 183, 70927, 70927, 0.8355081677436829, 23.499011993408203
417, -41.23759273253381, 4, 50.13173704699875, 381, 71308, 71308, 0.8324121236801147, 23.597522735595703
418, -158.94954148400575, 4, 49.89971767599491, 381, 71689, 71689, 0.8309139609336853, 23.738393783569336
419, -198.68482646346092, 4, 49.88503328400111, 380, 72069, 72069, 0.826019287109375, 23.912931442260742
420, -48.53532164916396, 2, 13.666503460000968, 101, 72170, 72170, 0.8331884145736694, 23.901044845581055
421, -8.570796326734126, 2, 5.064911774999928, 35, 72205, 72205, 0.862629771232605, 23.91739845275879
422, -114.36757679376751, 2, 31.410585260004154, 239, 72444, 72444, 0.8017444014549255, 24.088520050048828
423, -10.059846749529243, 2, 10.79352787300013, 79, 72523, 72523, 0.8262900710105896, 24.09416389465332
424, -27.52935162652284, 2, 17.871374223999737, 134, 72657, 72657, 0.8430885076522827, 23.9982967376709
425, -10.183300539851189, 2, 4.421145874002832, 30, 72687, 72687, 0.8935375213623047, 23.93451690673828
426, -7.066347346641123, 2, 5.502287046001584, 38, 72725, 72725, 0.8083457946777344, 24.244470596313477
427, -15.565953712910414, 2, 5.717569961001573, 40, 72765, 72765, 0.8203317523002625, 24.116771697998047
428, -18.226895766332746, 2, 9.332616720996157, 68, 72833, 72833, 0.8055889010429382, 24.085657119750977
429, -39.52274756040424, 2, 14.948743330998695, 111, 72944, 72944, 0.8514244556427002, 24.062604904174805
430, -10.272766049951315, 2, 4.382184576999862, 30, 72974, 72974, 0.8265721797943115, 24.176088333129883
431, -76.30229694675654, 2, 24.78741527699458, 188, 73162, 73162, 0.8265448212623596, 24.228546142578125
432, -8.60043815895915, 2, 5.970522782001353, 42, 73204, 73204, 0.8988019227981567, 24.257587432861328
433, -8.18913485109806, 2, 5.4392731179978, 38, 73242, 73242, 0.9687966704368591, 24.022668838500977
434, -22.55864849872887, 2, 9.834422478998022, 72, 73314, 73314, 0.8593962788581848, 24.318565368652344
435, -7.515872428193688, 2, 5.0698984260016005, 35, 73349, 73349, 0.7724599838256836, 24.038799285888672
436, -181.20390536263585, 4, 50.506219089002116, 386, 73735, 73735, 0.8515511751174927, 24.280078887939453
437, -164.99593500047922, 4, 49.982391348996316, 382, 74117, 74117, 0.8317483067512512, 24.43756103515625
438, -45.805740255862474, 2, 19.833622851001564, 149, 74266, 74266, 0.8703951239585876, 24.34103012084961
439, -5.804838372394443, 2, 4.425085734997992, 30, 74296, 74296, 0.8492645621299744, 24.89276885986328
440, -12.15227298811078, 2, 4.8971747270043124, 34, 74330, 74330, 0.8926352262496948, 24.46910285949707
441, -22.265622698701918, 2, 14.627798787005304, 109, 74439, 74439, 0.8368733525276184, 24.39974021911621
442, -10.185401778668165, 2, 4.415940109996882, 30, 74469, 74469, 0.9161086678504944, 24.32674217224121
443, -6.718168423511088, 2, 5.296761913996306, 37, 74506, 74506, 0.8176361918449402, 24.340240478515625
444, -13.340319303795695, 2, 13.369534926001506, 99, 74605, 74605, 0.8796694874763489, 24.40422821044922
445, -14.044684177264571, 4, 50.433346042002086, 386, 74991, 74991, 0.8562198877334595, 24.608360290527344
446, -198.15941658243537, 4, 49.94430627199472, 381, 75372, 75372, 0.8569307923316956, 24.64064598083496
447, -178.87572228442878, 4, 49.887438306999684, 380, 75752, 75752, 0.879722535610199, 24.775569915771484
448, -52.61049789749086, 2, 17.312189718999434, 129, 75881, 75881, 0.8598455786705017, 24.71965980529785
449, -10.125869676470757, 2, 4.420727837998129, 30, 75911, 75911, 0.8623198866844177, 25.224498748779297
450, -10.137184407562017, 2, 4.4096325610007625, 30, 75941, 75941, 0.8812870383262634, 24.711143493652344
451, -10.167100928723812, 2, 4.384055764996447, 30, 75971, 75971, 0.9925817251205444, 24.659780502319336
452, -14.525502730160952, 2, 5.440405309003836, 38, 76009, 76009, 0.9728754758834839, 24.566692352294922
453, -9.155633082613349, 2, 6.474752431997331, 46, 76055, 76055, 0.81742924451828, 24.911348342895508
454, -10.527776382863522, 2, 7.008714994000911, 50, 76105, 76105, 0.9243391156196594, 24.91864585876465
455, -79.22187818866223, 4, 50.660128409996105, 386, 76491, 76491, 0.8906359076499939, 24.86843490600586
456, -14.43353849556297, 2, 5.951099634999991, 42, 76533, 76533, 0.9389416575431824, 24.55539321899414
457, -10.205914836376905, 2, 4.373499827997875, 30, 76563, 76563, 0.8972299695014954, 24.588716506958008
458, -5.779034614562988, 2, 4.801408182000159, 33, 76596, 76596, 0.915997326374054, 24.68708610534668
459, -11.115003202110529, 2, 4.663277104002191, 32, 76628, 76628, 0.9457688927650452, 25.0125732421875
460, -8.466772683896124, 2, 5.725435756998195, 40, 76668, 76668, 0.9266029596328735, 24.78837013244629
461, -10.712061487138271, 2, 4.575099128000147, 31, 76699, 76699, 0.8046391606330872, 24.87440299987793
462, -24.884679259732366, 2, 8.99510566200479, 65, 76764, 76764, 0.9040976166725159, 24.67006492614746
463, -6.604662670753896, 2, 5.049640928998997, 35, 76799, 76799, 0.8895546197891235, 25.28178596496582
464, -13.8064770931378, 2, 7.438808819002588, 53, 76852, 76852, 0.9094145894050598, 24.75498390197754
465, -10.472404833883047, 2, 4.548781714998768, 31, 76883, 76883, 0.9082639217376709, 25.010961532592773
466, -10.030624387785792, 2, 4.413647597997624, 30, 76913, 76913, 0.984149158000946, 24.94447898864746
467, -13.719044841825962, 2, 5.312388131998887, 37, 76950, 76950, 0.875187337398529, 25.075878143310547
468, -10.173413701355457, 2, 4.411809812001593, 30, 76980, 76980, 0.9768038988113403, 24.849159240722656
469, -6.941330435685813, 2, 4.430811284000811, 30, 77010, 77010, 0.9394108057022095, 25.080543518066406
470, -17.18151242751628, 2, 14.178767967001477, 105, 77115, 77115, 0.9189116954803467, 25.13982582092285
471, -4.084246714133769, 2, 5.149439505999908, 36, 77151, 77151, 0.9350539445877075, 25.109331130981445
472, -6.646201064810157, 2, 4.4574210649952875, 30, 77181, 77181, 0.8808891773223877, 25.01355743408203
473, -13.405597694218159, 2, 5.174577124998905, 36, 77217, 77217, 0.8734255433082581, 24.878103256225586
474, -5.378086136654019, 2, 4.942339319000894, 34, 77251, 77251, 0.9289466142654419, 25.041343688964844
475, -19.945237479172647, 2, 8.556384495001112, 62, 77313, 77313, 0.8901282548904419, 25.15298080444336
476, -10.593887850642204, 2, 4.552455529999861, 31, 77344, 77344, 0.8721405863761902, 25.377182006835938
477, -7.266910456120968, 2, 5.850035627998295, 41, 77385, 77385, 0.8910766243934631, 24.993940353393555
478, -17.654227778315544, 2, 6.281857783003943, 44, 77429, 77429, 0.9111022353172302, 24.955751419067383
479, -121.68064105324447, 2, 42.63859100699483, 324, 77753, 77753, 0.9068187475204468, 25.19672393798828
480, -10.189111147075891, 2, 4.396538562999922, 30, 77783, 77783, 0.8748866319656372, 25.204776763916016
481, -10.1599245890975, 2, 4.431694997001614, 30, 77813, 77813, 0.9145728349685669, 25.18044090270996
482, -8.588996806181967, 2, 5.715556379996997, 40, 77853, 77853, 0.8901618719100952, 25.137378692626953
483, -1.9678485337644815, 2, 6.120826509002654, 43, 77896, 77896, 0.8826344609260559, 25.110036849975586
484, -11.786859475076199, 2, 5.896238326000457, 41, 77937, 77937, 0.9646975994110107, 25.075286865234375
485, -10.50306454114616, 2, 4.70415553899511, 32, 77969, 77969, 0.8382851481437683, 25.153018951416016
486, -11.171227613463998, 2, 4.641566496997257, 32, 78001, 78001, 0.9618740677833557, 25.18868064880371
487, -14.504619393497705, 2, 5.459842477997881, 38, 78039, 78039, 0.8959228992462158, 25.329666137695312
488, -8.092831850983202, 2, 5.986590127999079, 42, 78081, 78081, 0.9052436351776123, 25.5045223236084
489, -19.221482396125793, 2, 6.604451851002523, 47, 78128, 78128, 0.9134616255760193, 24.955644607543945
490, -20.840952049940825, 2, 6.982458776001295, 50, 78178, 78178, 0.9499144554138184, 25.139541625976562
491, -193.04988104198128, 4, 50.48161875599908, 385, 78563, 78563, 0.9175702929496765, 25.229394912719727
492, -9.11588978394866, 2, 4.422796322003705, 30, 78593, 78593, 0.9518203139305115, 25.45406723022461
493, -8.003249486908317, 2, 4.418425807001768, 30, 78623, 78623, 0.9394243955612183, 25.417055130004883
494, -54.67730987071991, 2, 26.375143655997817, 199, 78822, 78822, 0.8954564929008484, 25.40290641784668
495, -20.859016176313162, 2, 7.04616358000203, 50, 78872, 78872, 0.984912633895874, 25.345806121826172
496, -29.373818937689066, 2, 14.925430906994734, 111, 78983, 78983, 0.9307063221931458, 25.471033096313477
497, -91.4831086313352, 4, 49.980249517997436, 380, 79363, 79363, 0.9559276103973389, 25.488971710205078
498, -31.156100552529097, 2, 9.47869570900366, 69, 79432, 79432, 0.9531024694442749, 25.56633186340332
499, -17.020871303975582, 2, 6.137875322005129, 43, 79475, 79475, 0.9052133560180664, 25.624982833862305
500, -10.53978038392961, 2, 4.551725414006796, 31, 79506, 79506, 0.997799277305603, 25.705493927001953
501, -19.25804111920297, 2, 7.395309045998147, 53, 79559, 79559, 0.8817766904830933, 25.51641273498535
502, -28.25843665469438, 2, 12.407727527999668, 91, 79650, 79650, 0.9504429697990417, 25.51927375793457
503, -26.42466890439391, 2, 8.326200014002097, 60, 79710, 79710, 0.9569857716560364, 25.744312286376953
504, -8.138711316511035, 2, 6.813469587999862, 48, 79758, 79758, 0.9829136729240417, 25.530807495117188
505, -7.586913201957941, 2, 5.708026667001832, 40, 79798, 79798, 0.9509332776069641, 25.468143463134766
506, -13.182792041450739, 2, 5.182275466999272, 36, 79834, 79834, 0.8968022465705872, 25.60120964050293
507, -6.87945993244648, 2, 4.462685654005327, 30, 79864, 79864, 1.0027083158493042, 25.433326721191406
508, -17.103233873844147, 2, 6.093381959995895, 43, 79907, 79907, 1.0498297214508057, 25.731897354125977
509, -24.558708555996418, 2, 9.339847257993824, 68, 79975, 79975, 0.9226201176643372, 25.827972412109375
510, -7.041258650831878, 2, 5.335315379001258, 37, 80012, 80012, 0.8857898116111755, 25.672582626342773
511, -10.15323095396161, 2, 4.446300907002296, 30, 80042, 80042, 0.9867783784866333, 25.622825622558594
512, -15.142796949483454, 2, 9.724965889996383, 71, 80113, 80113, 0.9196096062660217, 25.753286361694336
513, -8.945986907929182, 2, 4.376820249999582, 30, 80143, 80143, 0.935992956161499, 25.658870697021484
514, -13.220391545444727, 2, 5.2344968389952555, 36, 80179, 80179, 0.978214681148529, 25.53388023376465
515, -6.769570323638618, 2, 4.95313626400457, 34, 80213, 80213, 0.9133391380310059, 25.6400089263916
516, -79.6519606243819, 2, 31.082598862994928, 235, 80448, 80448, 0.9571957588195801, 25.611055374145508
517, -10.201357509940863, 2, 4.388590800001111, 30, 80478, 80478, 0.8661260008811951, 26.003520965576172
518, -23.63053920213133, 4, 49.859496876000776, 379, 80857, 80857, 0.9786872863769531, 25.77066993713379
519, -201.42916667461395, 4, 50.026252342999214, 380, 81237, 81237, 0.97856605052948, 25.750896453857422
520, -27.13906418159604, 2, 9.407335169998987, 68, 81305, 81305, 0.9965939521789551, 25.933055877685547
521, -6.957480217330158, 2, 5.461501881000004, 38, 81343, 81343, 0.9180446267127991, 25.779178619384766
522, -7.885771254077554, 2, 4.387947514995176, 30, 81373, 81373, 0.9848363399505615, 25.53862762451172
523, -37.12074703350663, 2, 17.891409472002124, 133, 81506, 81506, 0.9663918614387512, 25.873199462890625
524, -18.899649675004184, 2, 8.853370971999539, 64, 81570, 81570, 1.0169657468795776, 25.764039993286133
525, -39.45951626263559, 2, 14.8399666050027, 110, 81680, 81680, 0.9505502581596375, 25.94570541381836
526, -22.29421230405569, 2, 9.382331615997828, 68, 81748, 81748, 1.0075013637542725, 25.873180389404297
527, -26.44157699495554, 2, 8.305051969997294, 60, 81808, 81808, 1.0434952974319458, 25.738374710083008
528, -14.563563259318471, 2, 7.965057977999095, 57, 81865, 81865, 0.9749375581741333, 26.195945739746094
529, -40.85688594914973, 2, 14.536358475997986, 108, 81973, 81973, 0.9588461518287659, 25.83619499206543
530, -193.24602898582816, 4, 50.46360908600036, 384, 82357, 82357, 0.9682491421699524, 26.018646240234375
531, -6.450023206882179, 2, 5.097514980996493, 35, 82392, 82392, 0.9417558908462524, 26.237594604492188
532, -23.638277321122587, 2, 12.99736375700013, 96, 82488, 82488, 0.9650205969810486, 26.04657745361328
533, -63.42628122866154, 2, 33.86800353700528, 256, 82744, 82744, 0.9866136312484741, 26.073482513427734
534, -32.390341479331255, 2, 9.758674620003148, 71, 82815, 82815, 1.0834101438522339, 26.089784622192383
535, -10.134060371667147, 2, 4.406518575997325, 30, 82845, 82845, 0.9446513652801514, 26.067909240722656
536, -13.243904162198305, 2, 5.207636308005021, 36, 82881, 82881, 1.010377049446106, 26.024982452392578
537, -23.297153655439615, 2, 7.561644373003219, 54, 82935, 82935, 0.9553320407867432, 26.039382934570312
538, -19.1977445371449, 2, 6.610050167997542, 47, 82982, 82982, 1.018686294555664, 26.015737533569336
539, -21.685938180889934, 2, 14.388504783993994, 107, 83089, 83089, 0.9992250800132751, 26.22730827331543
540, -6.269875557161868, 2, 6.746616124000866, 48, 83137, 83137, 1.0126210451126099, 26.226287841796875
541, -18.18316481821239, 2, 6.388548341004935, 45, 83182, 83182, 0.9941144585609436, 26.015457153320312
542, -10.384581382386386, 2, 7.1394266029965365, 51, 83233, 83233, 1.0370311737060547, 26.084228515625
543, -10.190066765993834, 2, 4.435363727003278, 30, 83263, 83263, 1.0034431219100952, 26.063871383666992
544, -13.359003134071827, 2, 5.23300610500155, 36, 83299, 83299, 1.00413179397583, 26.08924102783203
545, -14.427997875958681, 2, 5.4589394759968854, 38, 83337, 83337, 1.1230292320251465, 25.857521057128906
546, -10.001245778053999, 2, 4.434521702001803, 30, 83367, 83367, 1.1012548208236694, 26.174060821533203
547, -11.55249174311757, 2, 4.812400196002272, 33, 83400, 83400, 1.042616367340088, 26.261842727661133
548, -12.635495409369469, 2, 5.043292779002513, 35, 83435, 83435, 0.9931410551071167, 26.187509536743164
549, -10.051283575594425, 2, 4.422366589999001, 30, 83465, 83465, 1.0079480409622192, 26.203584671020508
550, -136.38896339014173, 2, 35.52860180800053, 268, 83733, 83733, 1.0171422958374023, 26.19770622253418
551, -10.536916140466928, 2, 4.490228319999005, 30, 83763, 83763, 1.0169768333435059, 26.150686264038086
552, -10.527630168944597, 2, 4.439262293999491, 30, 83793, 83793, 1.057913064956665, 26.020723342895508
553, -10.52301262319088, 2, 4.456182590998651, 30, 83823, 83823, 0.9826129078865051, 26.391706466674805
554, -10.53430574759841, 2, 4.404081995002343, 30, 83853, 83853, 0.9791585803031921, 26.436506271362305
555, -10.531479924917221, 2, 4.4350303020037245, 30, 83883, 83883, 1.0239450931549072, 26.03841209411621
556, -10.514055904000998, 2, 4.470883514004527, 30, 83913, 83913, 0.94859379529953, 26.095436096191406
557, -10.508960515260696, 2, 4.460504654001852, 30, 83943, 83943, 1.0074552297592163, 26.41295051574707
558, -10.522773068398237, 2, 4.403012416005367, 30, 83973, 83973, 0.9980813264846802, 26.464603424072266
559, -10.523867096751928, 2, 4.407433358996059, 30, 84003, 84003, 1.0446006059646606, 26.386531829833984
560, -10.605597894638777, 2, 4.440480755998578, 30, 84033, 84033, 0.948503315448761, 26.373706817626953
561, -10.596208781003952, 2, 4.435216152000066, 30, 84063, 84063, 1.038619041442871, 25.70192527770996
562, -10.532311916351318, 2, 4.435793481003202, 30, 84093, 84093, 1.1881810426712036, 26.204151153564453
563, -10.52890731394291, 2, 4.451170942993485, 30, 84123, 84123, 0.9755048155784607, 26.25742530822754
564, -10.556228868663311, 2, 4.38933063299919, 30, 84153, 84153, 1.0097326040267944, 26.229698181152344
565, -10.533734612166882, 2, 4.409628245994099, 30, 84183, 84183, 0.9559107422828674, 26.247310638427734
566, -10.527162950485945, 2, 4.382695023996348, 30, 84213, 84213, 0.973773717880249, 26.238628387451172
567, -10.534732542932034, 2, 4.431198236998171, 30, 84243, 84243, 0.9546564817428589, 26.43477439880371
568, -10.548046711832285, 2, 4.411015167999722, 30, 84273, 84273, 1.0820428133010864, 26.246551513671875
569, -10.549171946942806, 2, 4.430744988996594, 30, 84303, 84303, 1.0234019756317139, 26.201601028442383
570, -10.533215656876564, 2, 4.401009571003669, 30, 84333, 84333, 1.0656259059906006, 26.232145309448242
571, -10.53886891528964, 2, 4.406160940998234, 30, 84363, 84363, 1.1170238256454468, 26.04105567932129
572, -10.538861945271492, 2, 4.449382434999279, 30, 84393, 84393, 0.9822738170623779, 26.17626190185547
573, -10.52215301245451, 2, 4.464705954000237, 30, 84423, 84423, 0.9834469556808472, 26.17315673828125
574, -10.537569016218185, 2, 4.475975004999782, 30, 84453, 84453, 1.0838210582733154, 26.26995849609375
575, -10.53597941249609, 2, 4.464104575999954, 30, 84483, 84483, 1.0136637687683105, 26.107637405395508
576, -10.553201865404844, 2, 4.444700309999462, 30, 84513, 84513, 1.1034356355667114, 26.399425506591797
577, -10.549465607851744, 2, 4.419246673998714, 30, 84543, 84543, 1.0924241542816162, 26.197282791137695
578, -10.550097975879908, 2, 4.401611797002261, 30, 84573, 84573, 1.01675283908844, 26.225481033325195
579, -10.55245629325509, 2, 4.424376820999896, 30, 84603, 84603, 1.0406907796859741, 26.047269821166992
580, -10.523758739233017, 2, 4.410713942001166, 30, 84633, 84633, 1.0506627559661865, 26.543956756591797
581, -10.534147184342146, 2, 4.4276118430061615, 30, 84663, 84663, 1.091318130493164, 26.466402053833008
582, -10.528022799640894, 2, 4.663863041998411, 30, 84693, 84693, 1.030866026878357, 26.629558563232422
583, -10.323309071362019, 2, 4.583304266001505, 30, 84723, 84723, 0.9845221638679504, 26.316001892089844
584, -10.327444911003113, 2, 4.427277798000432, 30, 84753, 84753, 1.0732654333114624, 26.13330078125
585, -11.64446122199297, 2, 4.790811383994878, 33, 84786, 84786, 1.0946383476257324, 25.78957748413086
586, -6.923298114910722, 2, 4.65363369500119, 32, 84818, 84818, 1.0752809047698975, 26.162700653076172
587, -5.9148624604567885, 2, 4.947391836998577, 34, 84852, 84852, 1.040509819984436, 26.420272827148438
588, -5.9469896433874965, 2, 4.710691458996735, 32, 84884, 84884, 1.1506726741790771, 26.237478256225586
589, -86.01490780711174, 4, 50.66788737499883, 384, 85268, 85268, 1.0610753297805786, 26.278776168823242
590, -10.624498907476664, 2, 4.536983399004384, 31, 85299, 85299, 1.0981967449188232, 26.23464584350586
591, -56.30542496498674, 2, 18.607140852000157, 138, 85437, 85437, 1.0657135248184204, 26.332290649414062
592, -23.58551999926567, 2, 7.791510628994729, 55, 85492, 85492, 1.0592821836471558, 26.120790481567383
593, -5.887000187300146, 2, 4.463903971001855, 30, 85522, 85522, 1.0921459197998047, 26.346668243408203
594, -11.178038861602545, 2, 4.757598219999636, 32, 85554, 85554, 1.093409776687622, 26.367605209350586
595, -41.28158722165972, 4, 50.233440818003146, 380, 85934, 85934, 1.0400688648223877, 26.408641815185547
596, -7.767830508761108, 2, 6.615836154996941, 47, 85981, 85981, 1.040570616722107, 26.469932556152344
