20260303-121710, ddpg_0, 0, 9, 128, 1000000, 502, 2, 512, 0.99, 0.003, 0.003, 0.1, explore, False, False, 3, 4
20260303-121931, ddpg_1, 0, 9, 128, 1000000, 502, 2, 512, 0.99, 0.003, 0.003, 0.1, explore, False, False, 3, 4
20260303-142034, ddpg_2, 0, 9, 128, 1000000, 543, 2, 512, 0.99, 0.003, 0.003, 0.1, explore, False, False, 3, 4
20260303-142154, ddpg_3, 0, 9, 128, 1000000, 543, 2, 512, 0.99, 0.003, 0.003, 0.1, explore, False, False, 3, 4
20260303-142324, ddpg_4, 0, 9, 128, 1000000, 543, 2, 512, 0.99, 0.003, 0.003, 0.1, explore, False, False, 3, 4
20260303-142613, ddpg_5, 0, 9, 128, 1000000, 543, 2, 512, 0.99, 0.003, 0.003, 0.1, explore, False, False, 3, 4
20260303-142731, ddpg_6, 0, 9, 128, 1000000, 543, 2, 512, 0.99, 0.003, 0.003, 0.1, explore, False, False, 3, 4
20260303-143833, ddpg_7, 0, 9, 128, 1000000, 543, 2, 512, 0.99, 0.003, 0.003, 0.1, explore, False, False, 3, 4
20260303-145608, ddpg_8, 0, 9, 128, 1000000, 543, 2, 512, 0.99, 0.003, 0.003, 0.1, explore, False, False, 3, 4
20260303-145752, ddpg_9, 0, 9, 128, 1000000, 543, 2, 512, 0.99, 0.003, 0.003, 0.1, explore, False, False, 3, 4
20260303-145858, ddpg_10, 0, 9, 128, 1000000, 543, 2, 512, 0.99, 0.003, 0.003, 0.1, explore, False, False, 3, 4
20260303-150111, ddpg_11, 0, 9, 128, 1000000, 503, 2, 512, 0.99, 0.003, 0.003, 0.1, explore, False, False, 3, 4
