episode, reward, success, duration, steps, total_steps, memory length, avg_critic_loss, avg_actor_loss
1, -159.86243109218776, 2, 15.865209512001456, 141, 15010, 15010, 4.893626689910889, 14.57697868347168
2, -106.17834130162373, 2, 13.896170533000259, 120, 15130, 15130, 4.937438011169434, 14.50246810913086
3, -39.06243084999733, 2, 13.856245554998168, 122, 15252, 15252, 4.926775932312012, 14.79611587524414
4, -45.13983688503504, 2, 11.224680233000981, 98, 15350, 15350, 4.923406600952148, 15.370743751525879
5, -21.212588203372434, 2, 11.116668741000467, 97, 15447, 15447, 4.688295841217041, 15.428805351257324
6, -4.9125517648644745, 2, 21.52446038099879, 192, 15639, 15639, 4.779007434844971, 15.064945220947266
7, -161.375671213842, 2, 25.03467210999952, 224, 15863, 15863, 4.855742931365967, 15.314587593078613
8, -68.97268225625157, 2, 11.649486438000167, 102, 15965, 15965, 5.084561824798584, 15.692974090576172
9, -27.979186180979013, 2, 10.833047550000629, 94, 16059, 16059, 5.156100749969482, 15.924099922180176
10, -255.65907039493322, 2, 13.431138389001717, 118, 16177, 16177, 5.063870906829834, 15.960494995117188
11, -152.08337099908385, 2, 31.156762264999998, 280, 16457, 16457, 4.981589317321777, 16.408105850219727
12, -137.18485856149346, 2, 14.836607034998451, 131, 16588, 16588, 5.156154632568359, 16.047067642211914
13, -32.61061357706785, 2, 10.451422165999247, 91, 16679, 16679, 5.286356449127197, 17.493993759155273
14, -586.4929796904325, 4, 50.10283309599981, 452, 17131, 17131, 5.244704723358154, 17.091646194458008
15, -141.86542078852654, 2, 13.204408394001803, 116, 17247, 17247, 5.400509834289551, 16.798564910888672
16, -4.911372317001224, 2, 10.126906949997647, 88, 17335, 17335, 5.40794038772583, 18.192684173583984
17, -25.069636611064197, 2, 26.352824983001483, 236, 17571, 17571, 5.358799934387207, 17.031658172607422
18, -48.62143996404484, 2, 20.18613118599751, 180, 17751, 17751, 5.228579044342041, 17.586118698120117
19, -7.934144517406821, 2, 28.21585735500048, 253, 18004, 18004, 5.363012313842773, 17.61118507385254
20, -22.953949085902423, 2, 20.544795180998335, 183, 18187, 18187, 5.402203559875488, 18.176803588867188
21, -249.3795915043156, 2, 34.00457485900188, 306, 18493, 18493, 5.372779369354248, 18.682838439941406
22, -121.6694459261198, 2, 24.510236342001008, 219, 18712, 18712, 5.661234378814697, 19.220903396606445
23, -30.459158922545612, 2, 12.316190915000334, 108, 18820, 18820, 5.448028087615967, 18.604780197143555
24, -173.14641547948122, 2, 25.47391813699869, 228, 19048, 19048, 5.573171138763428, 19.538814544677734
25, -27.264883931726217, 2, 6.4225942339980975, 54, 19102, 19102, 5.595217227935791, 19.709850311279297
26, -86.75057604559697, 2, 35.677057962002436, 321, 19423, 19423, 5.515685081481934, 19.4630184173584
27, -314.2795948740095, 2, 20.91213371000049, 186, 19609, 19609, 5.615879535675049, 19.336071014404297
28, -36.842953296378255, 2, 11.352637948999472, 99, 19708, 19708, 5.571749687194824, 19.953401565551758
29, -50.43441473506391, 2, 27.865190562999487, 250, 19958, 19958, 5.700949668884277, 20.023818969726562
30, -28.06666653510183, 2, 28.35310508299881, 254, 20212, 20212, 5.812878608703613, 20.610029220581055
31, 8.618024291470647, 2, 18.899683601997822, 168, 20380, 20380, 5.844221591949463, 20.159292221069336
32, -38.139335211366415, 2, 26.692404771001748, 239, 20619, 20619, 5.643870830535889, 20.784626007080078
33, -86.39306236989796, 2, 23.331644148001942, 208, 20827, 20827, 5.736026287078857, 20.98992919921875
34, -94.04960725153796, 2, 24.90571245600222, 223, 21050, 21050, 5.679079532623291, 21.068626403808594
35, -3.4708991767838597, 2, 11.229189453999425, 98, 21148, 21148, 5.55859375, 20.77339744567871
36, 12.237028313800693, 2, 26.42528596199918, 237, 21385, 21385, 5.787125110626221, 21.419044494628906
37, -22.610526259057224, 2, 28.560244718999456, 256, 21641, 21641, 5.592695236206055, 21.161869049072266
38, -34.81577850971371, 2, 22.82522667199737, 204, 21845, 21845, 5.657042980194092, 21.09356117248535
39, -4.817192629212514, 2, 25.656247890001396, 230, 22075, 22075, 5.594424247741699, 21.355470657348633
40, -327.1058991290629, 2, 21.119433231000585, 188, 22263, 22263, 5.545210361480713, 20.9549617767334
41, -94.44129462190904, 4, 50.14351261900083, 452, 22715, 22715, 5.541944980621338, 21.25987434387207
42, -388.59874495863914, 2, 27.097638775001542, 243, 22958, 22958, 5.643134593963623, 21.971826553344727
43, -184.02252528519602, 2, 34.68644362399937, 312, 23270, 23270, 5.537625789642334, 21.7117919921875
44, -65.03182608436327, 2, 33.440705522003555, 301, 23571, 23571, 5.46014928817749, 21.76228904724121
45, -38.74590910389088, 2, 13.33768130899989, 117, 23688, 23688, 5.473936080932617, 21.386516571044922
46, -248.350653508096, 2, 40.03428498399808, 361, 24049, 24049, 5.422080039978027, 21.754465103149414
47, -110.97478447807953, 2, 39.998328321999, 360, 24409, 24409, 5.316103935241699, 21.510639190673828
48, -113.1557760736905, 2, 18.804406561001088, 167, 24576, 24576, 5.248110294342041, 21.252099990844727
49, -59.73028037091717, 2, 33.92940375000035, 305, 24881, 24881, 5.289554595947266, 21.393360137939453
50, -33.85174258053303, 2, 16.722424356001284, 148, 25029, 25029, 5.223865032196045, 21.60530662536621
51, -191.61932600522414, 2, 36.883524226999725, 332, 25361, 25361, 5.033891201019287, 21.489416122436523
52, -41.57188422884792, 2, 32.266426666999905, 290, 25651, 25651, 5.046361446380615, 21.743864059448242
53, -191.2237518541515, 2, 32.695730092000304, 294, 25945, 25945, 5.002502918243408, 21.8018798828125
54, -89.75846299389377, 2, 26.668867045998923, 239, 26184, 26184, 4.834506988525391, 21.873889923095703
55, -66.12576713156886, 4, 50.14717830600057, 452, 26636, 26636, 4.874230861663818, 21.539188385009766
56, -130.23206308390945, 2, 35.82648092800082, 322, 26958, 26958, 4.845603942871094, 21.69282341003418
57, -271.9001409262419, 2, 26.378150552998704, 236, 27194, 27194, 4.666538238525391, 21.445619583129883
58, -309.3833575446042, 2, 42.5965424040005, 384, 27578, 27578, 4.638192653656006, 21.4401798248291
59, -79.37377743203979, 4, 50.16999003800083, 453, 28031, 28031, 4.527769088745117, 21.50800895690918
60, -64.24945712881163, 2, 13.744829450999532, 121, 28152, 28152, 4.475521087646484, 21.656108856201172
61, -111.3949280437082, 2, 16.713287299000513, 148, 28300, 28300, 4.497684955596924, 21.286130905151367
62, -111.21389882836957, 2, 43.82238899699951, 395, 28695, 28695, 4.371736526489258, 21.508087158203125
63, -52.53105013631284, 2, 24.723085249999713, 221, 28916, 28916, 4.2852678298950195, 21.247087478637695
64, -51.73116072174162, 2, 27.426854168999853, 246, 29162, 29162, 4.258622646331787, 21.49243927001953
65, -9.44713679770939, 4, 50.10937555900091, 452, 29614, 29614, 4.1519775390625, 21.30251693725586
66, -88.041561414022, 4, 50.12946169499992, 452, 30066, 30066, 4.1525468826293945, 21.564645767211914
